   113.537      0.000      0.000      0.000      0.000      0.000      0.000      0.000      0.000      0.000      0.000      0.000      0.000      0.000
   124.095    142.917      0.000      0.000      0.000      0.000      0.000      0.000      0.000      0.000      0.000      0.000      0.000      0.000
   146.235    164.769    186.403      0.000      0.000      0.000      0.000      0.000      0.000      0.000      0.000      0.000      0.000      0.000
   166.859    193.256    203.825    232.610      0.000      0.000      0.000      0.000      0.000      0.000      0.000      0.000      0.000      0.000
   164.930    201.548    221.185    258.878    295.829      0.000      0.000      0.000      0.000      0.000      0.000      0.000      0.000      0.000
   165.811    233.460    243.346    292.340    336.768    381.979      0.000      0.000      0.000      0.000      0.000      0.000      0.000      0.000
   204.246    247.226    241.432    319.018    388.011    436.047    519.356      0.000      0.000      0.000      0.000      0.000      0.000      0.000
   215.453    255.891    285.288    344.944    405.651    503.736    599.829    716.289      0.000      0.000      0.000      0.000      0.000      0.000
   126.555    188.245    337.371    368.927    439.365    550.981    696.390    819.713    990.645      0.000      0.000      0.000      0.000      0.000
   133.130    285.644    342.125    310.720    487.755    608.480    732.688    913.355   1118.888   1340.849      0.000      0.000      0.000      0.000
     0.000    351.660    167.443    396.584    488.722    582.743    768.527    972.055   1272.865   1488.895   1745.190      0.000      0.000      0.000
     0.000      0.000      0.000    233.568    400.097    650.821    818.732   1154.593   1293.270   1633.390   1930.464   2104.189      0.000      0.000
     0.000      0.000      0.000      0.000    556.642    508.927    756.452    951.942   1414.235   1650.426   1926.913   2128.945   2165.664      0.000
     0.000      0.000      0.000      0.000      0.000    466.914    620.505    990.376   1198.739   1621.155   1846.472   2029.153   2083.110   1981.219
