   111.085      0.000      0.000      0.000      0.000      0.000      0.000      0.000      0.000      0.000      0.000      0.000      0.000      0.000
   121.403    139.769      0.000      0.000      0.000      0.000      0.000      0.000      0.000      0.000      0.000      0.000      0.000      0.000
   142.995    161.149    182.302      0.000      0.000      0.000      0.000      0.000      0.000      0.000      0.000      0.000      0.000      0.000
   163.131    188.989    199.349    227.487      0.000      0.000      0.000      0.000      0.000      0.000      0.000      0.000      0.000      0.000
   161.026    197.057    216.359    253.174    289.312      0.000      0.000      0.000      0.000      0.000      0.000      0.000      0.000      0.000
   162.118    228.252    237.971    285.866    329.333    373.662      0.000      0.000      0.000      0.000      0.000      0.000      0.000      0.000
   199.359    242.093    236.049    312.130    379.403    426.553    508.096      0.000      0.000      0.000      0.000      0.000      0.000      0.000
   210.187    250.248    279.238    337.349    396.886    492.807    586.949    700.917      0.000      0.000      0.000      0.000      0.000      0.000
   123.229    183.854    330.002    361.617    429.617    538.992    681.601    801.943    969.677      0.000      0.000      0.000      0.000      0.000
   129.947    279.508    335.513    303.824    477.562    595.267    716.801    894.089   1095.550   1313.389      0.000      0.000      0.000      0.000
     0.000    342.069    162.914    386.130    478.109    570.301    752.750    951.147   1246.222   1457.766   1709.221      0.000      0.000      0.000
     0.000      0.000      0.000    228.509    390.784    636.538    801.817   1130.005   1265.888   1599.790   1889.914   2059.586      0.000      0.000
     0.000      0.000      0.000      0.000    543.939    496.992    739.976    931.342   1385.119   1615.614   1886.767   2083.232   2118.075      0.000
     0.000      0.000      0.000      0.000      0.000    454.598    604.782    970.267   1173.571   1587.603   1806.967   1985.095   2041.577   1937.722
