   111.660      0.000      0.000      0.000      0.000      0.000      0.000      0.000      0.000      0.000      0.000      0.000      0.000      0.000
   122.020    140.468      0.000      0.000      0.000      0.000      0.000      0.000      0.000      0.000      0.000      0.000      0.000      0.000
   143.734    161.963    183.238      0.000      0.000      0.000      0.000      0.000      0.000      0.000      0.000      0.000      0.000      0.000
   163.980    189.971    200.351    228.650      0.000      0.000      0.000      0.000      0.000      0.000      0.000      0.000      0.000      0.000
   161.879    198.079    217.445    254.449    290.767      0.000      0.000      0.000      0.000      0.000      0.000      0.000      0.000      0.000
   162.989    229.440    239.191    287.336    331.017    375.528      0.000      0.000      0.000      0.000      0.000      0.000      0.000      0.000
   200.502    243.216    237.218    313.650    381.396    428.614    510.680      0.000      0.000      0.000      0.000      0.000      0.000      0.000
   211.410    251.537    280.613    339.052    398.906    495.103    589.787    704.390      0.000      0.000      0.000      0.000      0.000      0.000
   123.976    184.832    331.683    363.259    431.780    541.601    684.985    806.050    974.413      0.000      0.000      0.000      0.000      0.000
   130.668    280.929    337.000    305.360    479.855    598.428    720.355    898.471   1100.892   1319.649      0.000      0.000      0.000      0.000
     0.000    344.217    163.874    388.514    480.576    573.018    756.317    955.774   1252.024   1464.858   1717.405      0.000      0.000      0.000
     0.000      0.000      0.000    229.627    392.861    639.667    805.579   1135.697   1271.973   1607.346   1899.123   2069.673      0.000      0.000
     0.000      0.000      0.000      0.000    546.830    499.681    743.702    935.992   1391.736   1623.426   1895.919   2093.308   2129.727      0.000
     0.000      0.000      0.000      0.000      0.000    457.344    608.427    974.793   1179.447   1595.250   1815.608   1995.202   2051.659   1947.835
