   112.595      0.000      0.000      0.000      0.000      0.000      0.000      0.000      0.000      0.000      0.000      0.000      0.000      0.000
   123.035    141.665      0.000      0.000      0.000      0.000      0.000      0.000      0.000      0.000      0.000      0.000      0.000      0.000
   144.948    163.329    184.808      0.000      0.000      0.000      0.000      0.000      0.000      0.000      0.000      0.000      0.000      0.000
   165.398    191.557    202.046    230.593      0.000      0.000      0.000      0.000      0.000      0.000      0.000      0.000      0.000      0.000
   163.366    199.766    219.257    256.616    293.258      0.000      0.000      0.000      0.000      0.000      0.000      0.000      0.000      0.000
   164.390    231.394    241.207    289.740    333.838    378.666      0.000      0.000      0.000      0.000      0.000      0.000      0.000      0.000
   202.313    245.186    239.310    316.357    384.475    432.345    514.949      0.000      0.000      0.000      0.000      0.000      0.000      0.000
   213.344    253.631    282.905    341.945    402.217    499.506    594.692    710.169      0.000      0.000      0.000      0.000      0.000      0.000
   125.249    186.495    334.490    366.014    435.443    546.321    690.564    812.652    982.467      0.000      0.000      0.000      0.000      0.000
   131.860    283.224    339.414    307.994    483.836    602.462    726.382    905.719   1109.702   1329.975      0.000      0.000      0.000      0.000
     0.000    347.919    165.565    392.447    484.477    577.716    762.337    963.696   1262.334   1476.624   1731.084      0.000      0.000      0.000
     0.000      0.000      0.000    231.549    396.417    645.219    812.091   1145.071   1282.336   1620.050   1914.400   2086.675      0.000      0.000
     0.000      0.000      0.000      0.000    551.548    504.212    749.981    943.949   1402.674   1636.582   1910.950   2110.671   2146.611      0.000
     0.000      0.000      0.000      0.000      0.000    462.014    613.948    982.490   1188.840   1607.887   1830.853   2010.926   2068.742   1964.005
