   116.619      0.000      0.000      0.000      0.000      0.000      0.000      0.000      0.000      0.000      0.000      0.000      0.000      0.000
   127.402    146.756      0.000      0.000      0.000      0.000      0.000      0.000      0.000      0.000      0.000      0.000      0.000      0.000
   150.136    169.170    191.403      0.000      0.000      0.000      0.000      0.000      0.000      0.000      0.000      0.000      0.000      0.000
   171.363    198.399    209.289    238.878      0.000      0.000      0.000      0.000      0.000      0.000      0.000      0.000      0.000      0.000
   169.576    207.044    227.077    265.813    303.814      0.000      0.000      0.000      0.000      0.000      0.000      0.000      0.000      0.000
   170.193    239.792    249.957    300.206    345.792    392.134      0.000      0.000      0.000      0.000      0.000      0.000      0.000      0.000
   210.211    253.431    247.999    327.458    398.513    447.720    532.987      0.000      0.000      0.000      0.000      0.000      0.000      0.000
   221.919    262.757    292.717    354.155    416.278    516.818    615.413    734.926      0.000      0.000      0.000      0.000      0.000      0.000
   130.642    193.603    346.391    377.728    451.242    565.549    714.469    841.254   1016.197      0.000      0.000      0.000      0.000      0.000
   136.954    293.136    350.034    319.188    500.226    624.496    751.934    936.701   1147.520   1374.164      0.000      0.000      0.000      0.000
     0.000    363.483    172.815    409.342    501.557    597.657    787.618    997.487   1304.974   1526.705   1789.087      0.000      0.000      0.000
     0.000      0.000      0.000    239.746    411.590    668.363    839.333   1183.941   1326.616   1674.230   1980.190   2158.459      0.000      0.000
     0.000      0.000      0.000      0.000    571.971    523.590    776.606    977.219   1449.372   1692.465   1975.542   2184.172   2222.596      0.000
     0.000      0.000      0.000      0.000      0.000    482.146    640.176   1014.643   1229.171   1662.149   1894.687   2081.940   2141.125   2033.831
