   116.171      0.000      0.000      0.000      0.000      0.000      0.000      0.000      0.000      0.000      0.000      0.000      0.000      0.000
   126.906    146.200      0.000      0.000      0.000      0.000      0.000      0.000      0.000      0.000      0.000      0.000      0.000      0.000
   149.585    168.553    190.678      0.000      0.000      0.000      0.000      0.000      0.000      0.000      0.000      0.000      0.000      0.000
   170.715    197.643    208.490    237.948      0.000      0.000      0.000      0.000      0.000      0.000      0.000      0.000      0.000      0.000
   168.968    206.237    226.237    264.788    302.677      0.000      0.000      0.000      0.000      0.000      0.000      0.000      0.000      0.000
   169.534    238.884    249.028    299.053    344.473    390.664      0.000      0.000      0.000      0.000      0.000      0.000      0.000      0.000
   209.340    252.554    247.026    326.225    396.975    446.007    531.035      0.000      0.000      0.000      0.000      0.000      0.000      0.000
   220.944    261.789    291.627    352.810    414.691    515.018    613.213    732.210      0.000      0.000      0.000      0.000      0.000      0.000
   130.051    192.859    345.102    376.413    449.538    563.444    711.791    838.162   1012.321      0.000      0.000      0.000      0.000      0.000
   136.405    292.068    348.901    317.966    498.417    622.220    749.059    933.243   1143.179   1369.579      0.000      0.000      0.000      0.000
     0.000    361.683    172.016    407.556    499.690    595.425    784.871    993.862   1300.354   1521.251   1782.533      0.000      0.000      0.000
     0.000      0.000      0.000    238.822    409.943    665.790    836.335   1179.734   1321.580   1668.486   1973.018   2150.675      0.000      0.000
     0.000      0.000      0.000      0.000    569.689    521.522    773.721    973.345   1444.204   1686.335   1968.587   2176.377   2214.284      0.000
     0.000      0.000      0.000      0.000      0.000    479.938    637.283   1011.101   1225.032   1656.168   1887.574   2074.092   2132.984   2026.045
