   112.057      0.000      0.000      0.000      0.000      0.000      0.000      0.000      0.000      0.000      0.000      0.000      0.000      0.000
   122.454    141.002      0.000      0.000      0.000      0.000      0.000      0.000      0.000      0.000      0.000      0.000      0.000      0.000
   144.277    162.580    183.928      0.000      0.000      0.000      0.000      0.000      0.000      0.000      0.000      0.000      0.000      0.000
   164.587    190.676    201.123    229.519      0.000      0.000      0.000      0.000      0.000      0.000      0.000      0.000      0.000      0.000
   162.507    198.817    218.275    255.390    291.848      0.000      0.000      0.000      0.000      0.000      0.000      0.000      0.000      0.000
   163.624    230.292    240.067    288.400    332.287    376.928      0.000      0.000      0.000      0.000      0.000      0.000      0.000      0.000
   201.295    244.093    238.139    314.801    382.712    430.158    512.522      0.000      0.000      0.000      0.000      0.000      0.000      0.000
   212.239    252.439    281.613    340.302    400.343    497.211    591.968    706.963      0.000      0.000      0.000      0.000      0.000      0.000
   124.524    185.549    332.847    364.451    433.367    543.055    687.443    808.921    978.039      0.000      0.000      0.000      0.000      0.000
   131.193    281.940    338.096    306.549    481.606    600.395    722.983    901.656   1104.607   1324.107      0.000      0.000      0.000      0.000
     0.000    345.857    164.642    390.243    482.199    575.161    759.037    959.120   1256.458   1469.954   1723.084      0.000      0.000      0.000
     0.000      0.000      0.000    230.518    394.371    642.143    808.418   1139.796   1276.697   1612.863   1905.915   2077.083      0.000      0.000
     0.000      0.000      0.000      0.000    548.934    501.676    746.415    939.538   1396.487   1629.095   1902.649   2100.975   2136.498      0.000
     0.000      0.000      0.000      0.000      0.000    459.385    611.009    978.119   1183.536   1600.763   1822.475   2002.344   2057.323   1954.650
