   111.787      0.000      0.000      0.000      0.000      0.000      0.000      0.000      0.000      0.000      0.000      0.000      0.000      0.000
   122.147    140.665      0.000      0.000      0.000      0.000      0.000      0.000      0.000      0.000      0.000      0.000      0.000      0.000
   143.931    162.173    183.486      0.000      0.000      0.000      0.000      0.000      0.000      0.000      0.000      0.000      0.000      0.000
   164.186    190.206    200.644    228.956      0.000      0.000      0.000      0.000      0.000      0.000      0.000      0.000      0.000      0.000
   162.125    198.355    217.734    254.792    291.141      0.000      0.000      0.000      0.000      0.000      0.000      0.000      0.000      0.000
   163.217    229.746    239.499    287.698    331.441    376.086      0.000      0.000      0.000      0.000      0.000      0.000      0.000      0.000
   200.737    243.552    237.549    314.078    381.867    429.249    511.373      0.000      0.000      0.000      0.000      0.000      0.000      0.000
   211.635    251.821    280.946    339.475    399.345    495.553    590.550    705.272      0.000      0.000      0.000      0.000      0.000      0.000
   124.160    185.093    332.110    363.729    432.381    542.127    685.775    807.072    975.642      0.000      0.000      0.000      0.000      0.000
   130.819    281.250    337.349    305.782    480.467    598.989    721.217    899.609   1102.188   1321.121      0.000      0.000      0.000      0.000
     0.000    344.771    164.168    389.099    481.132    573.824    757.311    957.007   1253.692   1466.803   1719.200      0.000      0.000      0.000
     0.000      0.000      0.000    229.945    393.373    640.474    806.552   1137.060   1273.664   1609.271   1901.150   2072.239      0.000      0.000
     0.000      0.000      0.000      0.000    547.613    500.359    744.671    937.232   1393.381   1625.372   1898.035   2096.132   2131.697      0.000
     0.000      0.000      0.000      0.000      0.000    458.043    609.309    975.949   1180.810   1596.963   1818.316   1997.644   2054.131   1949.967
