   115.717      0.000      0.000      0.000      0.000      0.000      0.000      0.000      0.000      0.000      0.000      0.000      0.000      0.000
   126.413    145.605      0.000      0.000      0.000      0.000      0.000      0.000      0.000      0.000      0.000      0.000      0.000      0.000
   148.987    167.886    189.930      0.000      0.000      0.000      0.000      0.000      0.000      0.000      0.000      0.000      0.000      0.000
   170.015    196.880    207.669    236.989      0.000      0.000      0.000      0.000      0.000      0.000      0.000      0.000      0.000      0.000
   168.224    205.426    225.340    263.789    301.425      0.000      0.000      0.000      0.000      0.000      0.000      0.000      0.000      0.000
   168.888    237.908    248.030    297.854    343.154    389.144      0.000      0.000      0.000      0.000      0.000      0.000      0.000      0.000
   208.438    251.581    246.049    324.978    395.406    444.309    528.955      0.000      0.000      0.000      0.000      0.000      0.000      0.000
   219.989    260.755    290.531    351.429    413.115    513.046    610.791    729.439      0.000      0.000      0.000      0.000      0.000      0.000
   129.409    192.015    343.744    375.094    447.725    561.237    709.114    834.830   1008.651      0.000      0.000      0.000      0.000      0.000
   135.861    290.940    347.693    316.685    496.543    619.720    746.183    929.753   1139.008   1364.449      0.000      0.000      0.000      0.000
     0.000    360.001    171.191    405.612    497.851    593.104    781.996    989.849   1295.596   1515.497   1775.942      0.000      0.000      0.000
     0.000      0.000      0.000    237.890    408.175    663.105    833.178   1175.470   1316.572   1662.143   1965.857   2142.664      0.000      0.000
     0.000      0.000      0.000      0.000    567.418    519.181    770.572    969.658   1439.032   1680.143   1961.185   2167.554   2206.270      0.000
     0.000      0.000      0.000      0.000      0.000    477.695    634.234   1007.449   1220.437   1650.074   1880.130   2058.151   2124.952   2018.510
