   112.469      0.000      0.000      0.000      0.000      0.000      0.000      0.000      0.000      0.000      0.000      0.000      0.000      0.000
   122.886    141.512      0.000      0.000      0.000      0.000      0.000      0.000      0.000      0.000      0.000      0.000      0.000      0.000
   144.785    163.168    184.567      0.000      0.000      0.000      0.000      0.000      0.000      0.000      0.000      0.000      0.000      0.000
   165.175    191.340    201.828    230.316      0.000      0.000      0.000      0.000      0.000      0.000      0.000      0.000      0.000      0.000
   163.181    199.529    219.007    256.290    292.895      0.000      0.000      0.000      0.000      0.000      0.000      0.000      0.000      0.000
   164.174    231.129    240.957    289.471    333.465    378.214      0.000      0.000      0.000      0.000      0.000      0.000      0.000      0.000
   202.060    244.923    239.025    315.964    384.168    431.769    514.384      0.000      0.000      0.000      0.000      0.000      0.000      0.000
   213.081    253.328    282.594    341.538    401.704    498.669    594.027    709.386      0.000      0.000      0.000      0.000      0.000      0.000
   125.038    186.256    334.051    365.664    434.956    545.733    689.745    811.801    981.170      0.000      0.000      0.000      0.000      0.000
   131.675    282.950    339.159    307.639    483.237    601.991    725.439    904.731   1108.378   1328.544      0.000      0.000      0.000      0.000
     0.000    347.324    165.338    391.913    483.949    577.072    761.468    962.691   1260.913   1475.052   1728.958      0.000      0.000      0.000
     0.000      0.000      0.000    231.277    395.913    644.366    811.066   1143.784   1280.920   1618.288   1912.481   2084.445      0.000      0.000
     0.000      0.000      0.000      0.000    550.965    503.610    748.995    942.877   1401.235   1634.762   1909.144   2108.210   2144.853      0.000
     0.000      0.000      0.000      0.000      0.000    461.382    613.518    981.340   1187.600   1605.983   1828.497   2009.393   2065.420   1961.749
