   115.295      0.000      0.000      0.000      0.000      0.000      0.000      0.000      0.000      0.000      0.000      0.000      0.000      0.000
   125.986    145.120      0.000      0.000      0.000      0.000      0.000      0.000      0.000      0.000      0.000      0.000      0.000      0.000
   148.503    167.270    189.297      0.000      0.000      0.000      0.000      0.000      0.000      0.000      0.000      0.000      0.000      0.000
   169.456    196.199    206.976    236.192      0.000      0.000      0.000      0.000      0.000      0.000      0.000      0.000      0.000      0.000
   167.653    204.716    224.605    262.919    300.422      0.000      0.000      0.000      0.000      0.000      0.000      0.000      0.000      0.000
   168.341    237.117    247.178    296.888    341.984    387.839      0.000      0.000      0.000      0.000      0.000      0.000      0.000      0.000
   207.723    250.800    245.218    323.903    394.000    442.783    527.231      0.000      0.000      0.000      0.000      0.000      0.000      0.000
   219.176    259.882    289.588    350.245    411.796    511.367    608.836    727.079      0.000      0.000      0.000      0.000      0.000      0.000
   128.906    191.336    342.561    373.982    446.249    559.474    706.765    832.298   1005.404      0.000      0.000      0.000      0.000      0.000
   135.351    289.972    346.667    315.627    494.948    617.708    743.744    926.828   1135.595   1360.129      0.000      0.000      0.000      0.000
     0.000    358.556    170.471    404.008    496.134    591.280    779.574    986.733   1291.515   1510.956   1770.358      0.000      0.000      0.000
     0.000      0.000      0.000    237.138    406.775    660.992    830.596   1171.769   1312.358   1656.864   1959.479   2135.600      0.000      0.000
     0.000      0.000      0.000      0.000    565.444    517.350    768.093    966.503   1434.421   1674.692   1955.119   2160.922   2198.662      0.000
     0.000      0.000      0.000      0.000      0.000    475.746    631.786   1004.311   1216.304   1644.755   1874.054   2053.174   2117.459   2011.604
