   110.924      0.000      0.000      0.000      0.000      0.000      0.000      0.000      0.000      0.000      0.000      0.000      0.000      0.000
   121.252    139.576      0.000      0.000      0.000      0.000      0.000      0.000      0.000      0.000      0.000      0.000      0.000      0.000
   142.816    160.920    182.076      0.000      0.000      0.000      0.000      0.000      0.000      0.000      0.000      0.000      0.000      0.000
   162.889    188.752    199.054    227.185      0.000      0.000      0.000      0.000      0.000      0.000      0.000      0.000      0.000      0.000
   160.788    196.805    216.039    252.787    288.884      0.000      0.000      0.000      0.000      0.000      0.000      0.000      0.000      0.000
   161.991    227.940    237.639    285.513    328.856    373.163      0.000      0.000      0.000      0.000      0.000      0.000      0.000      0.000
   199.048    241.788    235.724    311.688    378.848    425.940    507.456      0.000      0.000      0.000      0.000      0.000      0.000      0.000
   209.859    249.846    278.861    336.877    396.382    492.285    586.156    700.062      0.000      0.000      0.000      0.000      0.000      0.000
   123.042    183.582    329.532    361.130    429.003    538.496    680.600    800.899    968.515      0.000      0.000      0.000      0.000      0.000
   129.762    279.143    335.156    303.387    476.908    594.644    715.716    892.821   1093.975   1311.587      0.000      0.000      0.000      0.000
     0.000    341.490    162.626    385.539    477.494    569.498    751.867    949.742   1244.524   1455.892   1706.945      0.000      0.000      0.000
     0.000      0.000      0.000    228.191    390.181    635.493    800.816   1128.748   1264.115   1597.633   1887.153   2057.009      0.000      0.000
     0.000      0.000      0.000      0.000    543.306    496.292    738.989    930.095   1383.371   1613.356   1884.573   2080.413   2116.162      0.000
     0.000      0.000      0.000      0.000      0.000    453.792    603.781    969.026   1172.031   1585.437   1804.519   1982.708   2038.777   1935.269
