# ['cte', 'a20', 'a01', 'a21', 'a10', 'a11', 'c1', 'c11'] , maxL
102.8012336206945 -1.5706906799152364e-05 -0.3876928337586636 2.4500006424673476e-05 0.001511787788287787 -0.012495659224234077 0.12805821822292449 0.004048283242672391 -62097.39101334274
101.05603555822908 -1.7846380034392713e-05 -0.36602414124416793 2.7259551224568734e-05 0.0023523958060408584 -0.013850141821295209 0.13028555814895676 0.00430238996747825 -61792.266610120976
99.92335186010587 -1.8455123316329552e-05 -0.3526889791014688 2.7941022576205644e-05 0.002699313437339458 -0.014186445779929464 0.12380584418003926 0.004370245665374263 -61673.43422459322
99.12277883182102 -1.8833591610746402e-05 -0.3459789659421894 2.838156006835891e-05 0.0029469506858869057 -0.014401330188868673 0.12790508828033903 0.0043863001785921065 -61596.77344597966
98.62105223821011 -1.8997123521023103e-05 -0.34734973405932607 2.8318700577361378e-05 0.0030969706208830413 -0.014378465573993273 0.12751179282757136 0.004404909992973379 -61548.98693479574
98.06982921484091 -1.924194858319983e-05 -0.3399247669334328 2.8761558613343443e-05 0.0032640327467129866 -0.014593700758245447 0.13150127864639066 0.004402012219539881 -61516.04871406598
97.76691723611421 -1.9357573333138185e-05 -0.3403902997765562 2.8839125671532682e-05 0.003367187708898156 -0.014626452402821809 0.13138024336317028 0.004403441171092806 -61495.81128734132
97.46234588950522 -1.9429852652800416e-05 -0.3389920934468451 2.8844446640084404e-05 0.003443708348988491 -0.01464514354724301 0.13396386331589244 0.004410243121497028 -61482.967765055044
97.22897285421101 -1.950923058218486e-05 -0.3377869379377547 2.892240807974039e-05 0.0035104979905771533 -0.014681511866224016 0.13147805169646337 0.004428423477837736 -61474.6559919797
97.0854685854417 -1.9515062028890025e-05 -0.3389577367647515 2.8990862977761353e-05 0.0035500094815009015 -0.014724624175480067 0.13274503836641402 0.004417805138015971 -61469.45776885451
96.85572748392784 -1.9636529117314185e-05 -0.3369699666694681 2.9117710300893894e-05 0.003613431030073856 -0.014774626227016776 0.13237436640129377 0.004436105923896891 -61465.61727931179
96.68307460613835 -1.9690593830727243e-05 -0.33721597026851424 2.9168839303615414e-05 0.0036554967567891004 -0.014801198559409047 0.13291092240801702 0.004437207023344799 -61463.015663612605
96.51933305924047 -1.970587061761589e-05 -0.3367115775342121 2.9239274598154256e-05 0.0036811017429981383 -0.014838779367207674 0.13376466560037242 0.004435707364201247 -61461.25355236087
96.4200436685457 -1.9730265902303982e-05 -0.336994143229179 2.9259010893273695e-05 0.0037021284493280707 -0.014844510177386801 0.13229986457010112 0.0044476834612491595 -61460.15560436438
96.30430034887951 -1.974238416198551e-05 -0.33645411951583015 2.9271448714883512e-05 0.0037216151234924734 -0.014862784563346242 0.132160912118014 0.004450378010390882 -61459.28083033356
96.1805999731994 -1.976914298054555e-05 -0.3374631104490866 2.9304718705023334e-05 0.00374110465803328 -0.014869748074044217 0.1322812759906613 0.004449707459405754 -61458.47126483524
96.09134441833714 -1.9771657200013232e-05 -0.3375345271038573 2.9288219783531552e-05 0.003750363547560763 -0.014864097875844869 0.13197549620679278 0.004451908575333532 -61457.99349054444
96.00835914149458 -1.9787303512202627e-05 -0.3383957593358461 2.9294582015800342e-05 0.0037602085747808775 -0.014857873743608096 0.1318220623190891 0.004453080129319826 -61457.58971075807
95.93800475407994 -1.9804053899286712e-05 -0.3378830238214312 2.9337100826285072e-05 0.003771251950859753 -0.014885075558072558 0.13206405682035943 0.004457094717441543 -61457.323538282886
95.87296261368199 -1.9810182318944388e-05 -0.33872242379402984 2.93365559971238e-05 0.0037769591243397944 -0.014881095195688882 0.1325041206886129 0.004455806333387344 -61457.0696943691
95.825360720331 -1.981465771595012e-05 -0.33792934894662374 2.9354600666242776e-05 0.003780774088616502 -0.01489680486881613 0.13161072403248042 0.004458715691845066 -61456.88701396852
95.74903816305303 -1.9813111554969656e-05 -0.33768080056385574 2.9346854726965078e-05 0.003784665571130215 -0.014895799968095532 0.1312808639241118 0.004465663352658959 -61456.63668113187
95.69729512060792 -1.9808686082745795e-05 -0.3384752150374104 2.930152218442988e-05 0.0037859551865649906 -0.014879906306919871 0.13182407726124704 0.004464725057450918 -61456.38909879944
95.62172195373637 -1.9808472332614858e-05 -0.3388142488435928 2.9294426647685965e-05 0.003789795264537009 -0.014877851314769742 0.13174315072013165 0.004464035040832674 -61456.12179957121
95.55862383986309 -1.9821968142869203e-05 -0.3389012948977187 2.9324647686937915e-05 0.0037952492440914386 -0.01488717953375426 0.1319051000981598 0.004464402252178038 -61455.921653048776
95.50468136280944 -1.981826132481596e-05 -0.33904069350033006 2.9314479963032498e-05 0.003795099594770297 -0.014881507615201284 0.13162749416343006 0.00446417266405344 -61455.75049293795
95.46799232332708 -1.982456997397714e-05 -0.33973397095380764 2.930465150182321e-05 0.003797411586722063 -0.01487608949390157 0.1311292544345873 0.004467452446040867 -61455.606587655435
95.41871059184734 -1.9821459059288167e-05 -0.33987648406295157 2.9335287518376244e-05 0.0037973065739387475 -0.014889974496292709 0.13171767681309832 0.004466868038035083 -61455.46339184599
95.37890652502627 -1.9819725625812374e-05 -0.34008760210868205 2.9320488546236937e-05 0.003798170904495067 -0.014883626490186468 0.1313214397358053 0.0044663020561622295 -61455.32889468278
95.33715104686007 -1.9820613366422557e-05 -0.3398215045232972 2.9315429336215766e-05 0.003800231761523763 -0.014885622432937699 0.13223464194272622 0.00446453814144732 -61455.223608152155
95.30580822229763 -1.9817929398335165e-05 -0.34059066478829686 2.929383543845548e-05 0.0038019790790732835 -0.014874857008683483 0.13156097933536448 0.004468064115962235 -61455.06999457188
95.23768496284234 -1.9834678213223893e-05 -0.3405344381077179 2.931169144919335e-05 0.003808386944648495 -0.014878999181878473 0.13152535190746292 0.004470607672661773 -61454.907034536474
95.19094862049036 -1.9824027526061778e-05 -0.34049064038768184 2.930196676070635e-05 0.003807695622156514 -0.014877368725592945 0.13164675906250564 0.0044688923371046995 -61454.760159638885
95.13300133345142 -1.9823372695687862e-05 -0.34002122967273507 2.9308279675034052e-05 0.003809253579481825 -0.014883956468623442 0.13108705934344558 0.004472161697449826 -61454.591271881975
95.0854001309512 -1.9809885621143762e-05 -0.3407377166946435 2.9278783969355396e-05 0.0038091358018410536 -0.014875746213084299 0.13154618042825023 0.0044707878046072735 -61454.45292474111
95.06313165783956 -1.9813450890099574e-05 -0.34063355533282413 2.9290308954206493e-05 0.0038103947989364187 -0.014878119762219111 0.1311862654327732 0.004468836880800436 -61454.39648060672
95.02538818576933 -1.98193617144733e-05 -0.34050188213492294 2.9303518499584e-05 0.0038119828643484793 -0.014883105871740698 0.1312847972145236 0.004472512601203795 -61454.2909278576
94.96562598847362 -1.981564994558997e-05 -0.34104190631246467 2.9294878034183227e-05 0.00381623094279229 -0.014883813563867447 0.13180092722595196 0.004473297917598769 -61454.11595852062
94.9251730266723 -1.9816729617081245e-05 -0.3407146132830306 2.931788939989836e-05 0.00381914399566949 -0.01489619749605443 0.13096841583818186 0.00447787610672309 -61454.05350769352
94.9251724681896 -1.981672990121836e-05 -0.3407145906818189 2.9317890347809565e-05 0.003819144066093949 -0.014896197566606123 0.13096852586389418 0.004477876276918996 -61454.052622802905
