# ['D0', 'B', 'C', 'mu', 'sigma', 'a_01', 'a_11', 'a_21', 'c_01', 'c_11', 'd_11', 'L'] , maxL
62.91662306968016 0.003310617466718598 0.3666836799150756 226.63407967989968 0.7821608918634868 -0.43061336550787754 -0.0025147245507479415 1.3359879908599185e-06 -0.08064652335854211 0.0006870643954977917 0.07603470440134735 -0.07183445115425105 -3013919.3698486043
67.11161363542891 0.0032647673403985653 0.30427186521779487 240.48238008307428 0.7875735172298318 -0.410096488998691 -0.0023424404366195525 1.2157530800316997e-06 -0.10781916435120908 0.0006797711196404884 0.0803443604792499 -0.06580852707513543 -3012996.1767625925
68.29992883474961 0.003136008437567994 0.2829419262278198 234.78533377286277 0.8067555322628632 -0.4109007993903308 -0.002298514383655661 1.17056319746443e-06 -0.0664103638944313 0.0007337171111142925 0.06996108633251015 -0.060762671049953934 -3012898.4020979092
68.85651189175496 0.0031146620152032126 0.27921211711920346 232.8361169097841 0.8157397640111048 -0.41160617616998274 -0.002292803568147544 1.165381758204887e-06 -0.07096469085534907 0.0007327124574210511 0.07090937851451345 -0.05900201117686607 -3012859.193848516
69.13361760576542 0.003108004856022801 0.27814996478764353 232.228001023981 0.8179438471690668 -0.4127896151398305 -0.002279162299800391 1.15304099200805e-06 -0.07114293342522135 0.0007301653503264818 0.0710137090630612 -0.058537359429940206 -3012829.060305503
69.31152063046443 0.00312027565058286 0.27990258744532387 232.63683309139503 0.8184524436789298 -0.4099778880521807 -0.002305174118150509 1.1662535362969873e-06 -0.06929672852431648 0.0007371484459065098 0.07041439961186574 -0.05861380911797322 -3012801.835240831
69.38009578794947 0.003124454154985969 0.27988979143787684 233.24206197939952 0.8163911157681432 -0.4100306631739524 -0.0023006830133592638 1.166833733216573e-06 -0.07038231687537286 0.0007355449420923307 0.07070468934853294 -0.05924313638110465 -3012776.4154220065
69.5021027639516 0.0031245197588971527 0.2798902754028305 233.67161209730904 0.8151949464431747 -0.41061313621477913 -0.0022965796418560587 1.1662045245740476e-06 -0.07151531089644436 0.0007322839428348946 0.07101944071024588 -0.05949276211040863 -3012752.508354057
69.61062076694493 0.003124791963685116 0.2801894960289329 234.10249550019032 0.8140075799724402 -0.4089371071439329 -0.002306681227708267 1.1701275507101349e-06 -0.07272362629753708 0.0007309040350554947 0.07132463531063366 -0.05970937887134257 -3012730.227129685
69.85874247074949 0.0031235378818079925 0.2813088418267468 233.9243259167228 0.8151979482285184 -0.4085008711709853 -0.002308536551022686 1.1677292091177166e-06 -0.06349157738165152 0.0007467597072431777 0.06889054022089229 -0.05907356090901051 -3012708.863230159
69.95392478056004 0.0031236224123691167 0.28143328117730126 234.4573393243723 0.8140022047890805 -0.40857239046752375 -0.0023065017005428285 1.16730521938516e-06 -0.06398226650487306 0.0007436906474172261 0.06910653656685001 -0.05935022495972686 -3012688.8546921965
70.04378169935075 0.0031281894472045225 0.2822622663121396 235.044362071089 0.8131475818442379 -0.40867383604097346 -0.0023035873393685543 1.1668002903321163e-06 -0.06498993438153541 0.0007420215912575384 0.06938103604138393 -0.05962830883733267 -3012670.1355809965
70.13548135951223 0.0031297758837515836 0.2826231475003177 235.50512208764232 0.8120016013868337 -0.409050825562678 -0.002300311009141265 1.1654580178030162e-06 -0.06570349706101006 0.0007415285487442794 0.06953344841322823 -0.059881176812166724 -3012652.481825436
70.21408999144066 0.0031330134473755867 0.28309663973424204 236.05250468641384 0.8104769918360692 -0.407575443238323 -0.002311577850754733 1.172440487939373e-06 -0.06638216330197047 0.0007436037546401395 0.06961198130503166 -0.06021867732360249 -3012635.700083981
70.28478523927085 0.0031372980176471122 0.2839116235140988 236.5833168689913 0.8093595127015241 -0.40831609324234563 -0.0023061205261016475 1.1714286038157588e-06 -0.06668716253668053 0.0007403423563545905 0.06977041712738402 -0.060536240472763785 -3012619.6904561687
70.3375042443823 0.003140091300797 0.28445491051264993 237.08285647618914 0.8082877143863738 -0.40781826583005165 -0.002306993095457237 1.172498484771554e-06 -0.06704035302044527 0.0007402728612045486 0.06983543749561737 -0.06089032384264538 -3012604.912047866
70.42275909172743 0.0031437150836586517 0.28509840742502834 237.60640520961425 0.8073684339896217 -0.4082822076699338 -0.0023048375520367593 1.1723682191184705e-06 -0.06720790441859703 0.0007389410103712842 0.06992313331597239 -0.06112682972357062 -3012590.687994159
70.60170655995518 0.0031497782445353804 0.28682866006503716 237.75919476693895 0.8082706369475408 -0.40777573120282196 -0.0023054745834710545 1.1697041418747852e-06 -0.06507326087252328 0.0007427489194862677 0.06937066271250616 -0.06078437175633793 -3012577.218674935
70.65401650428453 0.003151608373868988 0.28711828722695504 238.2189894637506 0.8066326913146386 -0.40799092819378996 -0.0023045381559635655 1.1708545602700646e-06 -0.06518389263087766 0.0007433358455735435 0.06936224935905529 -0.06114431050199468 -3012564.5016890084
70.72087661327845 0.0031499041935445326 0.2871385749663849 238.51152948275023 0.8053031894677992 -0.4070025663050223 -0.0023116318853387916 1.1739434367743498e-06 -0.06604546441752467 0.0007400038762983977 0.06965240416813202 -0.06135017563289864 -3012552.5122666187
70.77356604430321 0.0031491573562299853 0.2871947975548058 238.78432048509796 0.803561474632322 -0.4072247557056734 -0.0023096347430504255 1.1750694667089657e-06 -0.0666791140391603 0.0007399434299185127 0.06978071288542229 -0.06163095624817648 -3012541.1307927114
70.8337719051104 0.003155105248981317 0.2881494604546779 239.3186461988769 0.8025801602059759 -0.4059674850874071 -0.0023207350967996377 1.1823406935974183e-06 -0.06726478988679219 0.000739814431571706 0.06990587750556085 -0.061918619478422504 -3012530.359004228
70.97489336018569 0.003159226674725523 0.28920569501723215 239.48999387970488 0.802999075749381 -0.4075739610845198 -0.0023058964677065644 1.173504139657164e-06 -0.06810248655823437 0.0007399029616490783 0.07007446195598477 -0.061742428757939574 -3012520.1412736024
71.03305034938597 0.0031573292064996684 0.2891269709330607 239.74698027563693 0.8014348424517621 -0.4072836931127486 -0.0023057121899923688 1.1744443971413276e-06 -0.06818929591390674 0.0007369430706451146 0.07018999097094103 -0.06195528324965763 -3012510.320758948
71.07557083546298 0.0031611716664507973 0.289881714313 240.1180711993979 0.8004150171343393 -0.4066487758803428 -0.0023101992670512277 1.1784701549835956e-06 -0.06848187378928992 0.0007377978262095542 0.07020654583082671 -0.062237742358658185 -3012501.059277728
71.11852139734488 0.0031640680246838512 0.2903832365541221 240.48901360897548 0.7992250164927437 -0.40606970227854755 -0.0023167020156377553 1.1817810458561729e-06 -0.06831230553875231 0.0007382604614276013 0.07017915276112952 -0.06253136569416178 -3012492.2534621344
71.18047158995529 0.0031652029541888744 0.29066589885000893 240.75961382208965 0.797894014814668 -0.40623675334576814 -0.0023162109830875324 1.1838603541415297e-06 -0.06901335398045261 0.0007384091294083655 0.07030717702618364 -0.06272478582451313 -3012483.9342069207
71.22786459226015 0.003168817750959136 0.29143726613062604 241.00563809581263 0.7969159192741081 -0.40657411784766995 -0.002310213876557439 1.1795297305734802e-06 -0.06836497552346155 0.000737004191766458 0.07022111663241762 -0.06293374029848564 -3012476.006334667
71.37243747675674 0.0031707070956582973 0.29238086702037647 241.01542456074867 0.797343860775724 -0.40652852550845264 -0.0023108662886342883 1.1794021805783405e-06 -0.0673382872869756 0.0007387841440909875 0.06995932232226912 -0.06262996180975983 -3012468.4323915653
71.41531875335735 0.003173327796682051 0.2929455744725953 241.31762106676484 0.7964465549523703 -0.4055754589139441 -0.0023179226605302816 1.1836499300193243e-06 -0.06812398615359716 0.0007385696318079448 0.07011335435466845 -0.06285318233208859 -3012461.2614418254
71.47954436530014 0.0031621767135867063 0.2916444530995461 241.1190250581538 0.7946019183066968 -0.40638966970837564 -0.002312092712946236 1.1847621034608443e-06 -0.06838507756527104 0.0007380440787705558 0.07017527579106389 -0.0628820306958024 -3012454.427710009
71.52323333304918 0.0031646944973022437 0.29225756172354894 241.38625919993632 0.7938464200023052 -0.40491555605735374 -0.0023213165189705336 1.1889276025671651e-06 -0.0689619573835372 0.0007367848894745645 0.07034949462116025 -0.06305763643933901 -3012447.992951414
71.57307793771642 0.003171590274418109 0.29334984662384506 241.7605033239927 0.7933792549243792 -0.40557635438735185 -0.0023170646123126517 1.1864854423594722e-06 -0.06970598438328743 0.0007349072850819325 0.07055640730987392 -0.06326301085514877 -3012441.8343639937
71.59328664430907 0.0031700586476514905 0.2931928204917383 241.9178018893135 0.7918478038184316 -0.4059268999666959 -0.0023136624111035837 1.1882277513229994e-06 -0.06878724977749032 0.0007365621556050677 0.07032138879130559 -0.06354089112131248 -3012435.9468156947
71.64043947686568 0.0031734607636141367 0.29398722446662906 242.1864014727259 0.7913112021459777 -0.4045246792942843 -0.002323409248636608 1.1912367044417013e-06 -0.06929847763860714 0.000735711057969986 0.07045513627123032 -0.06368352362021164 -3012430.20060033
71.69426972147858 0.0031740669102754276 0.2942105534348092 242.31018139698654 0.7903849500229665 -0.40485967467371464 -0.0023222181008057015 1.192309185477266e-06 -0.07029950794949708 0.0007346976188127518 0.07069139523620882 -0.0638039537062553 -3012424.883010213
71.7610091999683 0.003170250340381762 0.2940839636408922 242.28076644261512 0.7894159444146194 -0.4040008429475756 -0.0023290238671853187 1.1942118633248275e-06 -0.07096611822352572 0.0007315863879215901 0.0709400521649874 -0.06377924183410286 -3012419.8254524237
71.8028378316886 0.0031732943151140443 0.2945505681136995 242.45845723733385 0.7886524249752166 -0.40552488584041835 -0.0023192250363144396 1.1920924756922638e-06 -0.0709111591843117 0.0007333869403905325 0.07087101515677313 -0.0639679584090656 -3012414.882954024
71.87175080197923 0.0031773267485650037 0.29557038331091234 242.6379804272686 0.7887194802535078 -0.40505057782046194 -0.002319837930581334 1.1933744992112382e-06 -0.07170663372279254 0.0007297288264061353 0.07116588940005199 -0.06394808131186709 -3012410.186109732
71.92372088207102 0.003178121748684202 0.29583899184177676 242.76695120715382 0.7878561320925914 -0.40523936878508304 -0.0023205755962355003 1.1921335264180458e-06 -0.07152494135265536 0.0007309523006577472 0.07107030789615966 -0.06405237040186137 -3012405.7160065197
71.96328729848894 0.0031796207177475014 0.29628758915936165 242.89128624892467 0.7871805999584767 -0.404159382580657 -0.0023245502060578 1.1953383312662168e-06 -0.0720873718998809 0.000730819741861954 0.0712013641535281 -0.06416422089220425 -3012401.4849532098
72.04645024811225 0.0031835139971277595 0.29722320013997616 242.91081997773762 0.7870858940301706 -0.4050915242672096 -0.0023183773423758516 1.1925221734889352e-06 -0.07208855621918206 0.0007320918848274357 0.07115238846443597 -0.0640825779989875 -3012397.3866545064
72.0828664774381 0.003183800899857293 0.29744117224275435 243.08807426766782 0.7863017019317489 -0.40484246833374266 -0.0023202573765784273 1.1946895801764777e-06 -0.07150781469306106 0.0007299358828046847 0.07110911286126315 -0.0642151675278877 -3012393.498507875
72.12093201088098 0.003185235467909551 0.2977635311882837 243.22058972184257 0.7856787463113379 -0.404069883250412 -0.002324229708231028 1.196319596936292e-06 -0.07224840277976141 0.0007319201300424922 0.07116822448725266 -0.06434773743392923 -3012389.7860238953
72.15777933795738 0.003187979140725175 0.29849103728126236 243.35729337175172 0.7849878242628634 -0.40351562648191414 -0.002329677074268381 1.2004308778932611e-06 -0.07297892256784089 0.0007296589354807708 0.0714073737898887 -0.06444610837823284 -3012386.215998638
72.19944730513404 0.003190008047493885 0.2987691818711755 243.55491160758476 0.7843715697913609 -0.40389163189030575 -0.0023269914049660664 1.1986373601962866e-06 -0.07342183308820885 0.0007293341036298208 0.07149844450910128 -0.06458692853199208 -3012382.8266427834
72.23510421976263 0.003191989427019569 0.2993361147941728 243.60875362585438 0.7842906291980827 -0.40454760425376834 -0.0023207035952299247 1.196709453579006e-06 -0.07346196673845953 0.000727550681678481 0.0715898044600966 -0.0646561982094852 -3012379.5633101272
72.26594881005308 0.003193686482224894 0.2997910822549683 243.67055210764352 0.7837142558967995 -0.40443740270241135 -0.002320179645343888 1.1963591080768585e-06 -0.07325011344786483 0.0007281904585625444 0.07150882894992183 -0.06476319286020446 -3012376.520460557
72.29287421674267 0.0031991507802602787 0.30064948071837494 243.95562193756183 0.783254166214427 -0.4038020527132452 -0.002325045938636379 1.1989541807163477e-06 -0.07371238477140307 0.0007295074424727698 0.07155999654493866 -0.06494954560385832 -3012373.521163472
72.32489649030335 0.0031857085783805394 0.299230088607742 243.53399051908343 0.7819905586559129 -0.4035220087338156 -0.0023271684327641397 1.198737728552342e-06 -0.07152170032108533 0.0007311958365099388 0.0710489510936883 -0.06487743254325579 -3012370.786851203
72.37768631989184 0.0031902286355014985 0.2998921232305505 243.75682992441773 0.7816471395737334 -0.4039887860521547 -0.002325283960964506 1.2009511495222523e-06 -0.0719081946405564 0.000730850341654921 0.07114008441184552 -0.0649541920875196 -3012368.0674463282
72.43489825089509 0.0031948544503817124 0.3007834085976506 243.88537947891058 0.7816209199160669 -0.4038976596636279 -0.002325738918709138 1.2011886647879494e-06 -0.07228996355284778 0.0007296401024719252 0.07126507076697228 -0.0649496377577777 -3012365.4926355486
72.4635278436017 0.0031968544273772454 0.3012190343986418 243.9997675892887 0.7811064618890977 -0.40345118048077616 -0.0023299618054557778 1.202496357313137e-06 -0.07287406423815423 0.0007297593581553306 0.07139044631803203 -0.06506168581882849 -3012363.0248706886
72.4973647174757 0.003206566953418438 0.30288033160102557 244.1768839723859 0.7816193531636293 -0.4042523498296908 -0.0023231866665111523 1.2017100978549264e-06 -0.06783675818027005 0.0007385293049232806 0.07005892648523823 -0.0651415788693116 -3012360.6289796466
72.51561902306209 0.0032051431670356897 0.30298688895885006 244.16859342435004 0.781085361832615 -0.4030227372343537 -0.002331178655454443 1.2035494581651573e-06 -0.06849165073550567 0.0007373994171252158 0.07024773359544126 -0.06521978093603106 -3012358.368424001
72.55671832655567 0.003206368106565348 0.3031843057516109 244.27754997974145 0.7801464517152192 -0.40374718147141375 -0.0023266216632708567 1.2039650549941866e-06 -0.0687662738125848 0.0007364178853176372 0.07032122108982647 -0.0653070085799925 -3012356.1760179955
72.57411239532354 0.0032098692931519773 0.3038642750318692 244.40042522783477 0.7800809906507671 -0.40267954678075335 -0.002333680475913219 1.2037210202900332e-06 -0.06952263601044467 0.0007361501619766882 0.07049067965650188 -0.06543215103174377 -3012354.098750758
72.6016350917796 0.0032094064900495853 0.3037251191941063 244.4590038632034 0.7793274080132071 -0.4041123739391061 -0.002321542393125523 1.2036382743717745e-06 -0.06836319406729718 0.0007382913739262694 0.07017464540488809 -0.06555530541155181 -3012352.082061653
72.62277800311011 0.0032118718298407125 0.304409705979622 244.54701410811657 0.7789733507181129 -0.4029371977212153 -0.0023307773704265887 1.2036252097548242e-06 -0.0685018742265408 0.0007369391816969503 0.07025164809381768 -0.06563520628314867 -3012350.1383196176
72.65549764747814 0.003210981334126813 0.3043327886725653 244.50271867916484 0.7783945529517211 -0.40411917393583996 -0.0023238025218495495 1.203171242543762e-06 -0.0688647827727081 0.0007375507043395802 0.07029591204599484 -0.06569979718893651 -3012348.2719661524
72.6760765143782 0.0032123722631577792 0.30486260088083394 244.59401035794758 0.7780660424043464 -0.4026927066960402 -0.0023327107024806006 1.2070597289551358e-06 -0.06887776009547689 0.0007354451563282808 0.07037834803760817 -0.06575492136434863 -3012346.5680315522
72.70211162453009 0.0032152799143590908 0.305348388540096 244.712961998587 0.7779233356517252 -0.40293230355783716 -0.0023312807308316476 1.206813457895153e-06 -0.06948455772075302 0.0007347330135402119 0.07051749876951488 -0.06585275739664542 -3012344.870508811
72.73172129923361 0.003216838886775628 0.3056629585588224 244.80821958381352 0.7776162723013667 -0.403007167815454 -0.0023313102178832918 1.2063256469361864e-06 -0.06983971048625609 0.0007343047974078568 0.0706280938914207 -0.06592053059185679 -3012343.252616785
72.75680463696304 0.003217568046199667 0.3058328055751208 244.9109626623599 0.7772288908509193 -0.4033223750370464 -0.002327774529280991 1.2048706363505733e-06 -0.06992688277840531 0.0007325253450973363 0.07069053323007204 -0.06601205928571072 -3012341.656822335
72.82968519720157 0.0032111089990486713 0.3054028295890786 244.5588825493658 0.7768857228740332 -0.40307395853048306 -0.002329541654496105 1.2058087204977342e-06 -0.06631032367023124 0.0007414451255838002 0.06963310911805948 -0.0657619047036823 -3012340.100060844
72.8287484823778 0.0032103907990886933 0.30540886300455516 244.62925840893257 0.7763116298971646 -0.4028942776090354 -0.0023298045576941716 1.2069358799602568e-06 -0.06619812150310297 0.0007399148875082363 0.06968227358610835 -0.06591953043902263 -3012338.667872306
72.82778465248734 0.00321197797794356 0.3055987564717878 244.74343048404558 0.7755266807268418 -0.4022308765383976 -0.002336294412789308 1.212330521267251e-06 -0.06687250244717359 0.0007404408653048171 0.0697935153532123 -0.06612981240334664 -3012337.3036401225
72.8653703025709 0.0032124831013527764 0.3058362002331736 244.7456023419486 0.7752497422019933 -0.40302325473214096 -0.0023310457054379337 1.2086427900155364e-06 -0.06722262466471315 0.0007385667986447549 0.06993889142077632 -0.06613041328617722 -3012335.942672589
72.89375142620658 0.003212457572210466 0.3060163203766383 244.75332451514453 0.7748949086878738 -0.4025611166102651 -0.0023343419836409415 1.2109648233127901e-06 -0.06718575112337323 0.0007387931706903885 0.0699160714227268 -0.06615490231593948 -3012334.6651032874
72.92037806167897 0.0032132139133493696 0.30633680815551556 244.80510502763357 0.7748899481761042 -0.4025109160913075 -0.002334485875626425 1.21117714478641e-06 -0.06732726054213202 0.0007388178760653656 0.069949294444227 -0.06617502610160166 -3012333.433387059
72.94586537976721 0.003215721745933128 0.3067837196587253 244.8949441468058 0.7746591365286122 -0.4024373469522181 -0.0023335242418736643 1.2106182833907287e-06 -0.06793561639661223 0.0007388268769953755 0.07006962014996579 -0.06623288751136625 -3012332.298156427
72.95722043661607 0.003217688518721806 0.3072431654390137 244.92740665901317 0.7745984012325426 -0.4024961138004792 -0.0023342264209562967 1.2091457174990512e-06 -0.06851793521738575 0.0007374374098465727 0.07022567596518364 -0.06632120442368328 -3012331.1661887905
72.98413654610755 0.00321944811039842 0.30755185894070525 244.98698945560687 0.7738831786876641 -0.4023238028440981 -0.002336355898604543 1.213086157161511e-06 -0.06919935923009793 0.0007356014671333486 0.07044033935941402 -0.066389186404022 -3012330.0679333583
72.9925211162153 0.0032204105773857286 0.30784052744074253 245.05055497890794 0.7738691800922695 -0.4021935017413589 -0.0023367309082984507 1.2130411625012725e-06 -0.06963235773341087 0.0007330756416509471 0.07061900397313572 -0.06647612963332797 -3012329.0488589266
73.01881318535297 0.003222399294210063 0.3080968394753121 245.1381123366001 0.7734567718317022 -0.40221745277335863 -0.002336363721257593 1.2129389887727692e-06 -0.07027805572899762 0.000733458271520393 0.0707227270240498 -0.06655160285583939 -3012328.053827837
73.03125000167148 0.003224730860176595 0.30850370236787245 245.22770111978707 0.7732224486698267 -0.4023522023155771 -0.002335510832619357 1.211959167878165e-06 -0.0705288187148673 0.0007330501502227963 0.07079517370103677 -0.0666499592416119 -3012327.118437664
73.14912491700798 0.0032179844035564887 0.30814522774025166 244.78806951881677 0.7734550495553061 -0.4024257162625259 -0.002334845888788425 1.212488365405458e-06 -0.06917181742752784 0.0007362004903144427 0.07041343191551522 -0.06614488389056017 -3012326.1877618413
73.16313955397209 0.0032198295118347955 0.30853172372321724 244.8801467407717 0.7735049770943381 -0.40222471965791046 -0.0023362434900221695 1.213637814106558e-06 -0.06962816142433953 0.0007346706986687387 0.07056475192058662 -0.06620831378426412 -3012325.3412429006
73.17921131759641 0.0032212135625215854 0.3088445425470727 244.9853761746332 0.7733091345251886 -0.40206836809652857 -0.00233717784832541 1.2136061078164916e-06 -0.07002932571000514 0.0007340561901563183 0.07066119116336338 -0.0662757110681543 -3012324.499099776
73.2023313649868 0.003222917569547158 0.3091428842815638 245.081775759722 0.7731719064724749 -0.4017937419802827 -0.002338220162811045 1.214278312292857e-06 -0.07043997109187589 0.0007336929971413007 0.07075688212508939 -0.0663225927658468 -3012323.6865874347
73.21284715867134 0.0032243379413790484 0.30941625023602637 245.11378997820316 0.7729666988103984 -0.40220074589390387 -0.0023359537003353557 1.2135542159464926e-06 -0.070735470156288 0.000732333605976538 0.07086626424463308 -0.06640574942780728 -3012322.918350817
73.23052041008793 0.0032261448421633757 0.3097626951870051 245.20128745875724 0.7728189487779835 -0.4017855161603381 -0.0023384093510729767 1.2141634973887413e-06 -0.07140811854314771 0.0007317365649715081 0.07101571609024465 -0.06645724278967133 -3012322.2174907103
73.25264251623364 0.003226376163341546 0.3099366491496038 245.20087773406937 0.7726173330859663 -0.40198982031076713 -0.0023371916857486408 1.2148876787306519e-06 -0.07164718557231402 0.0007303495061093383 0.07110874348877441 -0.06647197231087074 -3012321.497145041
73.28490694726682 0.003228281072677022 0.3102319195879971 245.26205978641042 0.7726302698929368 -0.4027329785773779 -0.002332300410712201 1.212080415361163e-06 -0.0719308432752413 0.0007298420150870955 0.0711926496806341 -0.06647922659125083 -3012320.802973774
73.3051574623928 0.003229502837895324 0.31071431622904316 245.25584278396622 0.7726349498850524 -0.40188347734498364 -0.0023384951399499443 1.2153151856718796e-06 -0.07135083934719616 0.0007301031248241143 0.0710685881096236 -0.06646084443354136 -3012320.144517905
73.31688266859103 0.003231362593501382 0.31089923910037887 245.2828341470779 0.7721773240978296 -0.40227581478624524 -0.002335546803081831 1.2147248038085009e-06 -0.07184507973250825 0.0007309133981715407 0.07113592440366737 -0.06657047078722195 -3012319.4916869774
73.34001038665878 0.0032319041926750555 0.3110379965714053 245.31596016425925 0.7719094900651926 -0.4022406005304227 -0.002334892117983579 1.215346225234838e-06 -0.0722838247014605 0.0007306174088769012 0.07124949666757247 -0.06659099118072623 -3012318.8710976
73.3545989277137 0.003232198839224168 0.3112221568368515 245.32103522715835 0.771965343080873 -0.4015899635559666 -0.0023397447868345024 1.2163402166475187e-06 -0.07250301483960064 0.0007295505133580438 0.07132585850297346 -0.06661295594393968 -3012318.2995679956
73.36973974947183 0.003233739435125566 0.31158357883876175 245.37695324153788 0.771906861938273 -0.40171859381402375 -0.00233929923555 1.2156293418988922e-06 -0.07266460230590979 0.0007293587023083433 0.07135278668519943 -0.06664808918757058 -3012317.7516257046
73.38666245645086 0.003223275618832593 0.310243435916435 245.05453045660306 0.770495106587864 -0.4018819200737611 -0.0023394554075353664 1.2193820274381585e-06 -0.06828700866372017 0.0007382250685114525 0.07015910742712081 -0.06660338071943178 -3012317.200145577
73.40463194318096 0.0032262177207970782 0.3108155463742451 245.09716331782033 0.770834544627768 -0.4018971919732909 -0.002338601269912497 1.217187364197024e-06 -0.06850372808767952 0.0007372506461226992 0.07023639737606363 -0.0666217186787782 -3012316.645565919
73.42349262784205 0.00322812176263394 0.3111288190246222 245.16792381792854 0.7706247458019817 -0.4014703516956486 -0.0023417458432133135 1.2178050028769541e-06 -0.06879208277654231 0.000737004612316022 0.07031891880323893 -0.0666667792373059 -3012316.1234070216
73.43061033545952 0.0032293125841089433 0.31141472461774383 245.21371188678185 0.7706363042446852 -0.40143765044708246 -0.0023433298269523355 1.2202709755166408e-06 -0.06922786076936913 0.0007356255087018962 0.0704471323219128 -0.06671748411363942 -3012315.687946089
73.43748487050222 0.003231358991598504 0.3117254916348346 245.30107014350034 0.7703844459823728 -0.4012808926769472 -0.0023423126027152415 1.2181074752762856e-06 -0.06965502356751835 0.0007347121917468401 0.07057241354260846 -0.06680630695239148 -3012315.2094331495
73.4505190420492 0.0032323450362603205 0.31190677476659157 245.31067201997422 0.770305615529497 -0.4018357900777132 -0.002338442637729138 1.217641711610821e-06 -0.07014993700835014 0.0007345384321522479 0.07066479579895665 -0.06685304761023805 -3012314.7576348423
73.45996545611766 0.0032347461044081242 0.31227173210286857 245.42289432436917 0.7702352812477309 -0.4018614569799903 -0.00233874710063003 1.2177922379671508e-06 -0.07046447311753198 0.0007333843675852198 0.07078644203253229 -0.06691932308120835 -3012314.371242929
73.46368573033013 0.003236263730407511 0.31255226525264557 245.4991327230866 0.7701457233375014 -0.401715769016628 -0.002339092429714044 1.2179678942604821e-06 -0.07085847494620526 0.000732676220270595 0.07086887079624969 -0.06699662483880742 -3012313.9812174262
73.4853476273325 0.003237795027509231 0.3128341638160623 245.49437379451578 0.7700583673207109 -0.402136958629281 -0.0023355757190447893 1.21648629162486e-06 -0.07086281906622707 0.0007314415193171781 0.07091796107683208 -0.06700010365260946 -3012313.584053124
73.5010461755036 0.0032267747968610433 0.3115012112122298 245.17811629970228 0.7691104841751972 -0.4011077337527742 -0.002344787406204007 1.2228270919271547e-06 -0.06903978507842184 0.0007354420177303614 0.07040046276604137 -0.06691548401393525 -3012313.19666974
73.5113911818429 0.003230136037660111 0.31202203011789453 245.2449242064846 0.7690502005828871 -0.4015294737710847 -0.0023405709862866957 1.2208848590197294e-06 -0.06916674615581639 0.0007350345744110618 0.0704552676415374 -0.06698002303541153 -3012312.8071903586
73.5220343200564 0.003232041257106572 0.3123495136968326 245.28168034061474 0.7689966560343056 -0.4015222485865228 -0.002340621119229877 1.2208298214009097e-06 -0.06944063182460375 0.0007349754031228167 0.07052106134724755 -0.06702850386733664 -3012312.442117595
73.53745273060792 0.0032336498543921615 0.31269918067850994 245.2929939642785 0.7689546920977627 -0.40162099035172916 -0.0023416643552793786 1.222707714367743e-06 -0.06935676487350194 0.0007346996100218153 0.07049577679615132 -0.0670475624179431 -3012312.0896767075
73.54554938253061 0.003235486099071279 0.3129667102636077 245.36483454940435 0.7688353257069231 -0.4015383455826057 -0.002341513942195986 1.2211740492981827e-06 -0.06959134141673737 0.0007338759034885629 0.07056518120161857 -0.06711700505841858 -3012311.7562233633
73.55232625629276 0.0032351552309355432 0.3130022091030128 245.3476869776083 0.768583244558382 -0.40145069022372537 -0.002342123698029192 1.2218527577076826e-06 -0.06971602341295777 0.0007347831375570898 0.07058076593463139 -0.0671515775548841 -3012311.44824015
73.5656548448299 0.0032371666145334264 0.3132900323503793 245.47427974489415 0.768606828487749 -0.40130088372527795 -0.002343332241936654 1.2223075557343552e-06 -0.06984835486375035 0.0007332148142346834 0.0706563944745209 -0.06720202914200951 -3012311.1431911513
73.58123140345978 0.0032378175756224057 0.3134641392836154 245.48316934330765 0.7684967356454584 -0.40180034498175254 -0.002338899447269311 1.2192721380255523e-06 -0.06997099149555097 0.0007332104371866679 0.070685101689586 -0.06721097657062106 -3012310.8449218445
73.58702594411739 0.0032375335983996817 0.3135209254296154 245.46191974063146 0.7683700334206562 -0.4012244936992737 -0.0023427286623972088 1.2216269511487463e-06 -0.0701266838568056 0.000733316363702424 0.07071421633539196 -0.06723806869773818 -3012310.582733884
73.60806745825062 0.0032377235473172892 0.313606427407353 245.48003195250695 0.7682469874495943 -0.4017817518251655 -0.002340477803435979 1.2214441555376646e-06 -0.07053446222415782 0.0007324368883689591 0.07083109461273418 -0.0672312095937781 -3012310.3115873244
73.61521885229325 0.0032370131254721313 0.31355826059557135 245.47786840607085 0.7680309162958687 -0.40161965226863805 -0.0023402005959864552 1.221524407530948e-06 -0.07072387612707284 0.0007323533371757108 0.07087397562983591 -0.06726373728461012 -3012310.043018843
73.61920539428485 0.0032379123917398328 0.31365867303290795 245.51113232571635 0.7678792245246117 -0.40173543229641306 -0.002338241726933084 1.2203233361149423e-06 -0.0706584976805088 0.0007324275024845834 0.07084190726369265 -0.06732937051938873 -3012309.817851583
73.62437127648613 0.0032387565047525073 0.3139149668684672 245.529001449389 0.7678247551986426 -0.4017297997045577 -0.0023402075702556686 1.2209501920631715e-06 -0.07080032904231759 0.0007319030391731438 0.0708898905628419 -0.06736110673730661 -3012309.5855223574
73.63076505750827 0.0032401518427045964 0.3141259236991084 245.5965999328502 0.767722091049572 -0.4014360323896652 -0.002340345250334953 1.2194886456320525e-06 -0.070982845646758 0.000731732283941364 0.07093482241180557 -0.06741639248967862 -3012309.3525475054
73.64096409774501 0.003240280645792289 0.31423688275474376 245.5595181549316 0.7676473276780447 -0.401332335221894 -0.0023424751339667614 1.2219599644353819e-06 -0.07125308033473103 0.0007316143756483258 0.0710057151480308 -0.06742633349687605 -3012309.1239155703
73.65327881327303 0.0032398790704952253 0.31425812279232124 245.55401315764885 0.7675828858613862 -0.40159364190556956 -0.0023418844020069393 1.221956038521012e-06 -0.07153510834421398 0.0007316018082290795 0.07104585193664646 -0.0674315527924324 -3012308.9137822245
73.68779657861035 0.0032342742649067655 0.313550130162225 245.31252546843885 0.7669984198766493 -0.40154832042060046 -0.002341209774358557 1.223631757165e-06 -0.06934733162052936 0.0007365727655204823 0.07043772866054546 -0.06730552333730053 -3012308.697484214
73.69140535812767 0.003235685099928471 0.3138016828934037 245.38800179902023 0.7670957217567529 -0.4012127913979599 -0.002343376030995081 1.2242759682421362e-06 -0.06968702207743702 0.0007358155259672638 0.07052431780715476 -0.06735042769231428 -3012308.519432079
73.69726167584625 0.0032355793258561014 0.3138734093578833 245.39175506503136 0.7670513343379258 -0.4016759049410821 -0.002340602941351101 1.2234656360274783e-06 -0.06996334693907741 0.0007357429606589458 0.07058830740797542 -0.06737065738871822 -3012308.337972538
73.71164518956516 0.003235770279793187 0.31396596011367445 245.40708826858327 0.7668876538959801 -0.4016606775036502 -0.00234060842923882 1.223230183086805e-06 -0.07019065681616374 0.0007335127456494655 0.07070193243580275 -0.06737178638692884 -3012308.1564541664
73.72410975854973 0.0032370438614271854 0.314195854195554 245.44645333322438 0.7668583034358809 -0.40144540548934965 -0.002342154880556632 1.2241795354661778e-06 -0.07054834694915027 0.0007330369384065347 0.07079887247011796 -0.06738183172766704 -3012307.9904314973
73.73761489770624 0.003238247046502143 0.3144100665574338 245.4825635721191 0.7669881938177753 -0.40120936711575605 -0.002343274117054499 1.223666494530231e-06 -0.07091344499481786 0.0007334324130573867 0.0708639833942738 -0.06738749572403467 -3012307.8164732335
73.7424024123149 0.0032390213313538306 0.31461116056381055 245.50547046558614 0.7670844804109875 -0.4014811726743418 -0.0023410793180739502 1.221655064639593e-06 -0.0708378314326147 0.0007330333146806673 0.07085843660612098 -0.06740539769723547 -3012307.6716677113
73.74779726214061 0.003239242888476479 0.31468464334989765 245.53347148659623 0.7668307141559232 -0.40118797009047724 -0.00234403884140485 1.2234209992487935e-06 -0.07083291973634531 0.0007319278795972592 0.0708969417716506 -0.06743893744993096 -3012307.525932013
73.7606622383984 0.0032413372807019065 0.31501603723422683 245.5332625007028 0.7668496636985824 -0.4011746786189946 -0.0023439518476789938 1.2238781584594127e-06 -0.07134344738110367 0.0007328062040545256 0.07098079646993916 -0.06744865768910262 -3012307.373780167
73.78195971389255 0.0032397527384216383 0.3148307089431184 245.51156184651393 0.7666303783415913 -0.4017713180817437 -0.0023393934639267776 1.2231729601298507e-06 -0.07121565546998337 0.0007315754468731625 0.07099665310525899 -0.06740658551094517 -3012307.2334691486
73.78524494567375 0.003240691429691433 0.31499699511040335 245.53645202261495 0.7667158074587531 -0.40166034695705405 -0.0023395514694736965 1.2212592183018196e-06 -0.07135710740665595 0.0007311501998364067 0.07104164160706311 -0.06743896460126014 -3012307.106774438
73.78912893386726 0.0032411685134125434 0.31508350327986556 245.56461808626415 0.7665485437063271 -0.4014955347821967 -0.0023412394204961047 1.2231217121471184e-06 -0.07155123644542746 0.0007306159588622944 0.07108467762856556 -0.06747635490738468 -3012306.990448604
73.79588221703251 0.0032410011490946813 0.3151429267567846 245.51766933513338 0.766525566899119 -0.4015750287349254 -0.0023406570632044047 1.2234399526874e-06 -0.07159565449914644 0.0007296890921296535 0.07111957798221769 -0.06747438007877979 -3012306.8777841674
73.8032591175324 0.0032413509515079883 0.3151882310378618 245.573300046391 0.7663873735536355 -0.40128133044314823 -0.002342005120929906 1.2241484597510865e-06 -0.07175172626149975 0.0007297025072131514 0.07116702108894596 -0.06750583178722598 -3012306.749486687
73.80967367423713 0.0032423067490912508 0.3152909891182947 245.59395838694257 0.76620467607172 -0.4018521480658798 -0.002340030876147309 1.2239887653780533e-06 -0.07203502437768045 0.0007301151715384464 0.07120218482669843 -0.06754744636770203 -3012306.639860318
73.82193545634786 0.0032414880375298055 0.31525349325000995 245.5622694123868 0.7661058053398169 -0.401132857632066 -0.0023428143253916046 1.2242944984533384e-06 -0.07209416928263 0.0007291996768226195 0.07125959194882375 -0.06752820158072416 -3012306.5094137313
73.83241708824349 0.003241920793286528 0.31538140405544657 245.55104081451645 0.765973979560751 -0.40095867683687303 -0.0023450164788640787 1.2267724728135196e-06 -0.07137758074330874 0.0007309391306625905 0.07105077296517293 -0.06753262443128175 -3012306.380920016
73.83801601490549 0.003241974682725634 0.3155216545705314 245.51155457907532 0.7660400597410326 -0.40116724984558527 -0.0023451280875359014 1.2256299588620608e-06 -0.07147247451068414 0.0007298484186735296 0.07109972892170252 -0.06753211630422282 -3012306.2684345455
73.84314376902809 0.0032416667590313983 0.31552043825059534 245.48651732832874 0.7659639277368504 -0.4015285924446181 -0.0023405243362448576 1.2235227672714261e-06 -0.07151770339747072 0.0007293838524304777 0.071124385062097 -0.06753785098278675 -3012306.1809684616
