# ['gamma', 'delta', 'b_1', 'muM', 'sigmaM'] , maxL
-0.5967478615891809 0.2696759297300483 1.0 1766.9190825262704 0.9819326506930596 -3013919.3698486043
-0.5431118577057457 0.2629486332648087 0.9565461776080069 1354.5431548781935 0.7879964042999383 -3012996.1767625925
-0.5165287498509704 0.25957366831450324 0.9601389660320109 1287.117598313113 0.7413436025686531 -3012898.4020979092
-0.5021778725587944 0.2582806764387803 0.9622719901008685 1275.7292998845219 0.7311333030075913 -3012859.193848516
-0.49266218434804604 0.2578225665343917 0.9636551589848422 1278.0018778025956 0.7319763365502918 -3012829.060305503
-0.48558715185706947 0.2577659833907048 0.9652357640634113 1289.1795858110063 0.7386409657428796 -3012801.835240831
-0.4791352066122737 0.2577906220592405 0.9657529160350519 1297.7998789628375 0.7452809209676622 -3012776.4154220065
-0.4734906428598966 0.2579303580191515 0.9666213847692351 1306.5775833847845 0.7523209094988961 -3012752.508354057
-0.4682252298734595 0.2580975127686539 0.9679134112191006 1315.7235110799113 0.7596872149883589 -3012730.227129685
-0.46284756352987655 0.25821911840611755 0.969094970520594 1321.9521982537594 0.7656144892272688 -3012708.863230159
-0.45820304990203337 0.25842980229132656 0.97044987462878 1332.0087020555827 0.7736267726279342 -3012688.8546921965
-0.4537934437926526 0.25866511710167345 0.9723811027880094 1343.0048157929082 0.781497719314816 -3012670.1355809965
-0.44940561614536145 0.25887959206911537 0.9721019791174583 1349.4177700694695 0.7878736489937017 -3012652.481825436
-0.4453705127302251 0.25913843244341206 0.9749930477126403 1365.6746953807265 0.7976901123610174 -3012635.700083981
-0.44145099375051094 0.2593735789093789 0.9756751730767907 1374.054049655894 0.8046370503467801 -3012619.6904561687
-0.4374690891013731 0.2595964147040105 0.9755523257248501 1379.445014870817 0.8103341582277384 -3012604.912047866
-0.43321411028708606 0.2597030187704502 0.9755761369048509 1386.6736273419544 0.8167041504369048 -3012590.687994159
-0.4296099577599248 0.2599499795196124 0.9755903503268033 1392.7320255034076 0.8223576204597287 -3012577.218674935
-0.42596222663935757 0.2601492916799335 0.975618199208225 1399.5241018814163 0.8284395817820884 -3012564.5016890084
-0.4223334391308271 0.26030906197615866 0.9756027415833521 1407.4802327691632 0.834923132414968 -3012552.5122666187
-0.4193059929378622 0.2605765635825704 0.9756098219111392 1415.6668644385882 0.8416565473993499 -3012541.1307927114
-0.4157018572493262 0.2607148304660287 0.9756097119933662 1421.9044170512698 0.8470052419340329 -3012530.359004228
-0.41231967914945933 0.26088425513805924 0.9756097499693153 1427.6146065224893 0.8522108468787156 -3012520.1412736024
-0.4094273189454143 0.26112045066514367 0.9756097540373281 1435.0106610569867 0.8583076791187085 -3012510.320758948
-0.40622158060897307 0.2612700841054675 0.9756097557502164 1442.0877151621416 0.8640312059300935 -3012501.059277728
-0.4031269323872284 0.2614279384828655 0.9756097562101742 1448.2402570898303 0.8692056537755555 -3012492.2534621344
-0.40032049786542245 0.2616199724490479 0.9756097561231658 1458.7329129928287 0.8760744572377446 -3012483.9342069207
-0.3973991856378447 0.26177999244845107 0.9756097561047444 1463.7061821647983 0.880540608693436 -3012476.006334667
-0.3946886086401147 0.26196205826370533 0.9756097560939538 1469.3495814712333 0.8853223396828189 -3012468.4323915653
-0.39201032187635776 0.2621223874863591 0.9756097560989456 1476.21385413167 0.8906936592557324 -3012461.2614418254
-0.3893385276595902 0.26226465093480034 0.9756097560960941 1482.1588718644853 0.8955045432690474 -3012454.427710009
-0.3869151758021769 0.26246543852543586 0.9756097560976398 1487.9623559840588 0.900052140611998 -3012447.992951414
-0.38450324231509336 0.2626330489929467 0.975609756097536 1494.8979862289964 0.9051361079574849 -3012441.8343639937
-0.38207701189910964 0.262787320961234 0.975609756097555 1501.0248468601294 0.9099771508322463 -3012435.9468156947
-0.379390778120294 0.2628666595390718 0.9756097560975594 1507.531060144146 0.9146730010988013 -3012430.20060033
-0.3773990827898136 0.2630848190288393 0.9756097560975606 1514.8679658403694 0.9196724483452312 -3012424.883010213
-0.3746742815117356 0.26312025481198215 0.9756097560975495 1520.8086961178808 0.9240386548662969 -3012419.8254524237
-0.3727491017325525 0.26334407432704116 0.9756097560975567 1526.1895052360078 0.9283105009692456 -3012414.882954024
-0.37052134039072526 0.2634618555667635 0.9756097560975587 1532.5176622664517 0.9328523153768551 -3012410.186109732
-0.3682841791289597 0.26357318627454235 0.9756097560975616 1538.8227475715355 0.9371531647771427 -3012405.7160065197
-0.3663511495586798 0.26373417099059365 0.9756097560975585 1546.3531226464452 0.9419712682882602 -3012401.4849532098
-0.3645110626776913 0.263902162508871 0.9756097560975601 1552.6624208719954 0.9463531295674719 -3012397.3866545064
-0.3624774091880173 0.2640323029522629 0.9756097560975607 1556.3005513693815 0.949671122759868 -3012393.498507875
-0.36239990474824346 0.2645841902513466 0.975609756097561 1564.6231722511798 0.9550518602700122 -3012389.7860238953
-0.3586137924484494 0.26424836393183404 0.975609756097561 1569.1680592821876 0.9583440054246067 -3012386.215998638
-0.3569027265881365 0.2644272414310914 0.975609756097561 1573.4210565604353 0.9614967082482118 -3012382.8266427834
-0.3548187093307541 0.2644579116313215 0.975609756097561 1580.8315690674062 0.9659350750329225 -3012379.5633101272
-0.353100381071086 0.26459150993871317 0.975609756097561 1585.3544678798316 0.9692809107827767 -3012376.520460557
-0.35129955142558 0.2646855730976059 0.975609756097561 1590.870972652201 0.9729863924452435 -3012373.521163472
-0.3498228640933717 0.2648268637596681 0.975609756097561 1594.6552250401253 0.9759263431134467 -3012370.786851203
-0.3480202578368291 0.26489645767035863 0.975609756097561 1599.8473475017677 0.9794679353298417 -3012368.0674463282
-0.3463380111161997 0.2649875042193579 0.975609756097561 1604.624540521844 0.9827298553254091 -3012365.4926355486
-0.34596251893205054 0.2653959437650132 0.975609756097561 1610.329336046072 0.9863926294101566 -3012363.0248706886
-0.3433328737772781 0.26521166736882484 0.975609756097561 1614.172181671695 0.9892748073953783 -3012360.6289796466
-0.343203648197779 0.2656439818735292 0.975609756097561 1621.529408102482 0.9935942004292535 -3012358.368424001
-0.34037608878942954 0.2654172507644367 0.975609756097561 1626.1142585758007 0.9964172124429611 -3012356.1760179955
-0.33895009134560516 0.26553551537278797 0.975609756097561 1628.982405738383 0.998753369251987 -3012354.098750758
-0.3383969620299277 0.26582561818893524 0.975609756097561 1636.683559754979 1.0030820393874331 -3012352.082061653
-0.3359820965033237 0.26568518697417287 0.975609756097561 1640.6115863800187 1.0056944304620647 -3012350.1383196176
-0.33564134461564243 0.26601088890254987 0.975609756097561 1646.6805605893805 1.0092441659491065 -3012348.2719661524
-0.33336835993571623 0.2658609265140828 0.975609756097561 1649.755129554891 1.0116390269454199 -3012346.5680315522
-0.3318469644626611 0.26589670027908996 0.975609756097561 1653.7657826269976 1.0143295141538302 -3012344.870508811
-0.3305886375143524 0.26600169346962377 0.975609756097561 1656.9460435488718 1.0166887742984674 -3012343.252616785
-0.3293208359187324 0.26610723725190305 0.975609756097561 1660.973396011666 1.01928880493028 -3012341.656822335
-0.32804282459977335 0.2661718586093976 0.975609756097561 1664.080074870487 1.0216099796475122 -3012340.100060844
-0.3267989111108671 0.2662456333797146 0.975609756097561 1668.038225336584 1.0241553443801688 -3012338.667872306
-0.32564902754701397 0.26633234626455604 0.975609756097561 1674.1761003457332 1.027574563817379 -3012337.3036401225
-0.3243541266694749 0.26637733700154836 0.975609756097561 1677.975100878537 1.0299513474194324 -3012335.942672589
-0.32324417185931686 0.2664686275590744 0.975609756097561 1680.8868519913203 1.0322052518760354 -3012334.6651032874
-0.32246762190400347 0.2666296460724955 0.975609756097561 1683.3009971939036 1.0340722685236665 -3012333.433387059
-0.3212716478167733 0.2666600804428717 0.975609756097561 1688.6634827644716 1.0371280228726358 -3012332.298156427
-0.32013028227511714 0.26672064214791524 0.975609756097561 1694.0968826444696 1.0401076793168682 -3012331.1661887905
-0.3190686642247291 0.2667804903939005 0.975609756097561 1698.8300273559134 1.0427508051278718 -3012330.0679333583
-0.3179980829184047 0.2668548484058641 0.975609756097561 1701.1531222673639 1.0443802757296248 -3012329.0488589266
-0.316792985008195 0.266890384055703 0.975609756097561 1704.822299328334 1.0465374988291725 -3012328.053827837
-0.3161225970471956 0.26699376074895276 0.975609756097561 1710.6389961751431 1.0497780854840455 -3012327.118437664
-0.31493022778540447 0.2670234766740289 0.975609756097561 1711.9446677168908 1.0509377311818433 -3012326.1877618413
-0.3141863138837424 0.2671197432414357 0.975609756097561 1714.1198125590124 1.0527793327754282 -3012325.3412429006
-0.31364847209365543 0.2672978252445123 0.975609756097561 1715.419404223278 1.054130584405756 -3012324.499099776
-0.3119607159565758 0.26716109327311366 0.975609756097561 1718.6722393596483 1.0561238957180445 -3012323.6865874347
-0.3110631275266045 0.2672159448223357 0.975609756097561 1722.283847198838 1.058102082993503 -3012322.918350817
-0.3102800516315159 0.2672927648040717 0.975609756097561 1725.148128625494 1.0599675145700196 -3012322.2174907103
-0.30940284462178647 0.2673426898125131 0.975609756097561 1728.7869283215691 1.062092759418805 -3012321.497145041
-0.30922527684798834 0.2675682965111911 0.975609756097561 1730.6630728158611 1.0634770018662594 -3012320.802973774
-0.30763915090410515 0.2674252837142074 0.975609756097561 1736.0265939105993 1.0661853227794302 -3012320.144517905
-0.30774112155172795 0.267728568065014 0.975609756097561 1739.0612481386927 1.0679881427272329 -3012319.4916869774
-0.3056885673005775 0.267473624608387 0.975609756097561 1742.4833427388412 1.0696799057529471 -3012318.8710976
-0.3054126416851085 0.2676590134512913 0.975609756097561 1743.7093382307808 1.0708596175850356 -3012318.2995679956
-0.3047261319367419 0.2676935511351779 0.975609756097561 1746.616371551441 1.0727123401210727 -3012317.7516257046
-0.3038600364499967 0.26774130546981034 0.975609756097561 1748.6999989612414 1.0740298973613358 -3012317.200145577
-0.3029853382410439 0.26775637865811286 0.975609756097561 1752.704397241465 1.0761892054187512 -3012316.645565919
-0.302586298070617 0.26788357326911394 0.975609756097561 1754.3993935606206 1.0774361133343384 -3012316.1234070216
-0.30233348403929067 0.26803438475609453 0.975609756097561 1759.2611159059531 1.0798312533503565 -3012315.687946089
-0.30067537214303924 0.26783729629327685 0.975609756097561 1760.8546200037754 1.081008040647551 -3012315.2094331495
-0.3003720258969548 0.26798358286353346 0.975609756097561 1762.1585102304552 1.0820429906638331 -3012314.7576348423
-0.29962933929895164 0.2679838160405448 0.975609756097561 1765.355864024086 1.0838142456065034 -3012314.371242929
-0.2988050078479125 0.2679909861606075 0.975609756097561 1768.0965820807387 1.0852670055674818 -3012313.9812174262
-0.29797145956428184 0.2679822847968799 0.975609756097561 1770.879113719394 1.0867794142563936 -3012313.584053124
-0.29712501062771435 0.26797490455658446 0.975609756097561 1773.649451630026 1.088223852347047 -3012313.19666974
-0.29665820172109325 0.26805806416846384 0.975609756097561 1776.626720449627 1.0899276115911678 -3012312.8071903586
-0.29584027659265544 0.2680527465596931 0.975609756097561 1779.3775315528032 1.0914635374208523 -3012312.442117595
-0.29518913050745144 0.268095494087915 0.975609756097561 1782.9283594106103 1.0930545109124217 -3012312.0896767075
-0.29513569069519674 0.26824913634530323 0.975609756097561 1785.3685559210394 1.0947006432898985 -3012311.7562233633
-0.2941779644532761 0.2682088337276361 0.975609756097561 1785.7549062510298 1.0952706054024595 -3012311.44824015
-0.29400607768350184 0.2683439185047438 0.975609756097561 1788.411029013027 1.0967898126328581 -3012311.1431911513
-0.293034002125414 0.26827680288834 0.975609756097561 1789.3710496662106 1.0975782099808988 -3012310.8449218445
-0.29312686335538296 0.268466419397547 0.975609756097561 1792.1467374884883 1.0990505701301325 -3012310.582733884
-0.2930649073376982 0.2686307590504202 0.975609756097561 1793.4076732771812 1.1000646955451217 -3012310.3115873244
-0.2914231107403842 0.2683853562772594 0.975609756097561 1795.3145509110416 1.100971416680814 -3012310.043018843
-0.2914453167710823 0.2685285451982409 0.975609756097561 1797.081700480971 1.1022525353142119 -3012309.817851583
-0.29079869518753554 0.268542256495262 0.975609756097561 1798.276230579002 1.1030736415965534 -3012309.5855223574
-0.2901814309859382 0.2685480002772055 0.975609756097561 1801.2512044389891 1.1045100542153583 -3012309.3525475054
-0.2892885595055641 0.26845849883081635 0.975609756097561 1804.2001012315095 1.1059949428142033 -3012309.1239155703
-0.28902012389360565 0.2685503065612471 0.975609756097561 1804.502734959573 1.106475263523403 -3012308.9137822245
-0.28866302700143504 0.2686219506870277 0.975609756097561 1805.9160074907095 1.1071676933210353 -3012308.697484214
-0.2885170576696145 0.26870046946373516 0.975609756097561 1807.8363115278964 1.1083685214316294 -3012308.519432079
-0.2878578147380163 0.26868078344201507 0.975609756097561 1808.4519677576573 1.1089992740287904 -3012308.337972538
-0.28751741978089507 0.26872457671079913 0.975609756097561 1810.32935196813 1.1100391425633072 -3012308.1564541664
-0.2873449852444311 0.2688114757401359 0.975609756097561 1812.0531986707051 1.1111159802466037 -3012307.9904314973
-0.2869233241464437 0.26882460305117484 0.975609756097561 1812.4161986606664 1.1117068296097896 -3012307.8164732335
-0.2864202605901058 0.26882558916961363 0.975609756097561 1813.640370207579 1.1124228672218568 -3012307.6716677113
-0.2855501066547561 0.2687375704878361 0.975609756097561 1817.272770830884 1.113944841126206 -3012307.525932013
-0.28537571299052505 0.268804766407084 0.975609756097561 1819.127170282583 1.1150230524591451 -3012307.373780167
-0.2849431155359967 0.2688230984920935 0.975609756097561 1819.3606522036332 1.1152570421346766 -3012307.2334691486
-0.28469498869061194 0.2688711098193853 0.975609756097561 1820.9563250884673 1.1161738277752051 -3012307.106774438
-0.28394600924091645 0.26879094440163226 0.975609756097561 1822.5014099554562 1.116909513301641 -3012306.990448604
-0.2837918836703424 0.26887176143206126 0.975609756097561 1823.511104093976 1.1176608589072767 -3012306.8777841674
-0.2837784731238199 0.2689817637148615 0.975609756097561 1824.671560301439 1.1182806021027991 -3012306.749486687
-0.2827618903592689 0.26883692565164896 0.975609756097561 1826.727250261968 1.1191919708113733 -3012306.639860318
-0.2825365055249737 0.2688987437818434 0.975609756097561 1828.5947038188447 1.1202419017752687 -3012306.5094137313
-0.28200239960453855 0.26887766128623436 0.975609756097561 1831.4734398193748 1.1215354820589767 -3012306.380920016
-0.28185820882431467 0.26893822880677043 0.975609756097561 1832.526386327442 1.1222086711422412 -3012306.2684345455
-0.2813900163901587 0.26892269165660176 0.975609756097561 1832.5381225944075 1.1224492085156355 -3012306.1809684616
