# ['gamma', 'delta', 'b_0', 'b_1', 'muM', 'sigmaM'] , maxL
-0.9794110970434592 0.37857393821840524 0.0 0.9757849010262296 1097.2417490650978 -0.8184040026296249 -452857.6207681205
-0.9461381174687481 0.37598578396757176 1.4870560846160317e-05 0.9685298766445826 655.7418599181506 -0.48489947095526575 -452643.56368321006
-0.9282232903206094 0.3743287403492538 1.814627899691206e-05 0.9530241355891014 575.9658416838536 -0.4004795903081958 -452616.5500723057
-0.9183608023058458 0.374155651735674 2.6773146753785837e-05 0.4389660459658317 367.3733141756844 -0.22552444242081 -452595.3151477708
-0.9214943949296187 0.3767987930674423 2.7319703360301263e-05 0.43108861039292945 368.7765246738053 -0.22627420704344892 -452590.40789544175
-0.9147279727269733 0.37687505658878084 3.1668388590801974e-05 0.40068064120734137 354.0213990063521 -0.20563998993616328 -452586.2222099167
-0.9067246636809885 0.3765445150762866 3.494244385960554e-05 0.38659417921469186 350.77127207421586 -0.20203640580820295 -452582.60822474514
-0.9047040110470204 0.37768642548319875 3.566862227499623e-05 0.3842772182214491 351.81653948114206 -0.20381691309936395 -452579.10894656077
-0.8960122778223931 0.377115498980807 3.797752234655736e-05 0.37237639491336005 346.47100904643685 -0.1962828773521323 -452575.7914133142
-0.8942016725481466 0.3782184227384039 3.864532637242306e-05 0.3728310609600838 347.2485122331849 -0.19731285127422263 -452572.7638742671
-0.8913234771678467 0.37892816947399144 3.924040555494082e-05 0.3696082609318435 347.83436127278094 -0.20062536064770817 -452569.8991278017
-0.880325831091961 0.3776534634398103 4.023610396659507e-05 0.37161041560014446 347.1824519274537 -0.19855546939751018 -452567.16163685406
-0.877853125768447 0.37845833031397835 4.1213558503628294e-05 0.3738529765135661 347.2981974604231 -0.1994007280571001 -452564.5966018167
-0.8760879353329376 0.3793822619808234 4.121273689057933e-05 0.37406464750152935 348.2434261215119 -0.2025689522623637 -452562.2188295223
-0.8740820748192019 0.38008804531568197 4.1563894125434115e-05 0.37769369412269177 349.629408699396 -0.2054453722489482 -452560.0357567181
-0.865536779181344 0.37920762320747325 4.1805188007283214e-05 0.37882418062151096 351.5244297104292 -0.2109903840308197 -452557.92668835307
-0.863700121920655 0.37992738067678533 4.252264602075857e-05 0.38506687590228394 352.4524315535218 -0.2112872128124303 -452555.9784078004
-0.8601001216333763 0.38022385425085425 4.186605731441937e-05 0.3909723454411068 354.4687536784996 -0.21413575771230775 -452554.17510703846
-0.8522203269070714 0.3793690308690028 4.370951456209055e-05 0.38964524166406983 354.4394644929972 -0.21563587435887413 -452552.4236814102
-0.8495193512014045 0.37984035895050516 4.364851034906895e-05 0.3950381740450245 356.26148439737574 -0.21802096191478978 -452550.80868354416
-0.8460825405556969 0.38002668283770313 4.383807659893139e-05 0.397134942798406 357.58100001717855 -0.22125894319006306 -452549.2176924384
-0.8430301866583189 0.3803660100710689 4.389239235077986e-05 0.4025936471080267 359.13906124416894 -0.223738500516369 -452547.80834542913
-0.8381111930222911 0.3801632959015802 4.382484814682341e-05 0.405734058396558 361.36297342297394 -0.2274234811142221 -452546.40065928467
-0.8350955561467446 0.38038871848419514 4.443333717205108e-05 0.4096967351569228 361.74739499840314 -0.2281298376946271 -452545.13944169495
-0.8332926342559721 0.3808701476512607 4.4239208838867e-05 0.4118291060826057 363.3492629949982 -0.23134672079442742 -452543.97529267124
-0.8273171500957689 0.3803598669891691 4.520986512587959e-05 0.4168887414325725 364.67728814876966 -0.23295812827384654 -452542.77715744346
-0.824918956297235 0.3806536290905791 4.532509944534555e-05 0.4197799398895654 365.93878555418456 -0.23633543962978923 -452541.72326354624
-0.8236555363874671 0.38125152633435044 4.550407311872577e-05 0.425723392877302 367.7629320882644 -0.2389199838179713 -452540.6275202812
-0.8185478277122573 0.3808467801673641 4.586319763367366e-05 0.4263114087563434 367.08735170435796 -0.23879568187858874 -452539.5450833526
-0.8170600251011875 0.38129876547396435 4.5858674276744635e-05 0.4316321394548923 369.21483144628667 -0.24235145099517874 -452538.6086850935
-0.8159213976563905 0.38182301808191305 4.610049430925579e-05 0.43684248374322554 371.08842326754655 -0.24536133602030152 -452537.83035471104
-0.8146829328626755 0.3822458206587407 4.6336966528570284e-05 0.44241639020633405 373.2698302989713 -0.24834888798461427 -452537.1146607266
-0.8078752489797956 0.38126946719878485 4.746823998975857e-05 0.4427561006374203 374.07594709203204 -0.24968879587943266 -452536.1878203781
-0.8068315148791813 0.38173754224060796 4.79344245955024e-05 0.4460370685889861 375.396592180574 -0.252876556297563 -452535.50256310235
-0.8059321349242711 0.38220117746992716 4.8055088077152817e-05 0.45267122552001754 377.30911150287216 -0.25546676380836275 -452534.8375628941
-0.8047545375238474 0.38262201595097023 4.829255872836561e-05 0.45996913510764365 379.2949778325953 -0.2583234957699606 -452534.2242187481
-0.801509890819589 0.38241682876111394 4.8188913095312136e-05 0.4677027854169461 382.95602722115245 -0.2637094037669483 -452533.64434067684
-0.8005775006543565 0.38285015484084806 4.890171784560947e-05 0.47082078086257223 384.5296495138824 -0.2664096186111977 -452533.0556159804
-0.7930579718714394 0.38153539314311846 5.0930297290018885e-05 0.47839606747128405 387.14235102468535 -0.2695662381667986 -452532.4799410857
-0.7925592975406897 0.3820456380493144 5.103647858023116e-05 0.486125513290389 388.81591794968415 -0.27105413151139696 -452531.99324208987
-0.7918576369604555 0.3824592075157568 5.145849649740939e-05 0.4894933788671054 390.24222458302324 -0.27395203131278856 -452531.495470319
-0.7903179284646075 0.38274775411092166 5.156406107024619e-05 0.49516946964606506 392.8302286818709 -0.2782908415535635 -452530.9415073096
-0.7883118098108336 0.38284547474127784 5.1167333330264344e-05 0.5026792404382354 395.70797999911485 -0.2815779035406818 -452530.5069159166
-0.7864496413663264 0.38301504850367907 5.193932768560222e-05 0.5027147892064802 397.29139242604043 -0.28532959676930714 -452530.0795452238
-0.7850584803771862 0.3832262891249114 5.25773491780195e-05 0.5096836940990475 399.0725241241927 -0.28727589644502893 -452529.66547334706
-0.7835352275567464 0.3833525021862113 5.265738524069635e-05 0.516078321840754 401.53295973214307 -0.28998895789211526 -452529.3205516651
-0.7811693896108824 0.38320962465780795 5.283007124186956e-05 0.5217565733780849 402.53326884530793 -0.29073165243978627 -452529.0101255436
-0.7805159440180884 0.38350401642603504 5.319562004522669e-05 0.5268430913816804 404.0677088069765 -0.2930812653221353 -452528.6927990433
-0.779492300595106 0.38369716505155466 5.401646334946815e-05 0.5259611285992262 404.53635187341695 -0.2950666723022131 -452528.41553293937
-0.773767566699941 0.3826913972657693 5.378226828555487e-05 0.5270242973227914 403.8954652676258 -0.29333615200731994 -452528.13796409057
-0.7730568364254542 0.3830416647973749 5.4431586958121804e-05 0.5291605868951441 404.97156798233846 -0.2949659210326705 -452527.81897354475
-0.7721241439572029 0.3832796960555851 5.5696552993660524e-05 0.5275155490557701 404.9217470463934 -0.2951800319560984 -452527.534755248
-0.7712238248257431 0.38349719172587554 5.70605709583587e-05 0.527226437614084 405.23196998271055 -0.2967665813002287 -452527.28230112157
-0.7702628699041467 0.38365075948470295 5.730040212326937e-05 0.5324730478062748 407.1090756177748 -0.29897311280329164 -452527.07944123953
-0.7659347417473387 0.3828951567184823 5.58758482838238e-05 0.5439143190272638 411.4535003825339 -0.30345479594346125 -452526.8459394477
-0.7655787782816355 0.38320888066315406 5.688604590928409e-05 0.5452545557972287 412.5456128972695 -0.305196441116127 -452526.66398938256
-0.7653193238064933 0.3835195451923483 5.787363053294754e-05 0.5477569179758284 413.7088617655223 -0.30706802821464235 -452526.49695476354
-0.7650730361482883 0.38385421738376513 5.896904642831688e-05 0.5509193923383678 414.8937880728704 -0.3087791363022504 -452526.288250441
-0.7645576355524923 0.38411872044043116 5.9266439118845884e-05 0.5563227217161109 416.7204606191324 -0.31087734670972145 -452526.10896230803
-0.7628347597405825 0.38400370671680845 6.0630107552812665e-05 0.5570180083086989 416.64456546459974 -0.3110142361200723 -452525.93181341066
-0.7598715251389043 0.38350854654033595 6.230719291765104e-05 0.55629613545617 415.2431101047342 -0.3088374233683765 -452525.79769462283
-0.7593194653041178 0.3836369623678897 6.307793770491048e-05 0.5550716415559149 415.24430713452125 -0.30963928086962894 -452525.69843299314
