  -171.171      0.000      0.000      0.000      0.000      0.000      0.000      0.000      0.000      0.000      0.000      0.000      0.000      0.000
  -483.637   -564.024      0.000      0.000      0.000      0.000      0.000      0.000      0.000      0.000      0.000      0.000      0.000      0.000
  -477.346   -645.409   -711.702      0.000      0.000      0.000      0.000      0.000      0.000      0.000      0.000      0.000      0.000      0.000
  -305.265   -605.275   -798.593   -895.144      0.000      0.000      0.000      0.000      0.000      0.000      0.000      0.000      0.000      0.000
  -160.425   -425.408   -692.653  -1005.705  -1102.533      0.000      0.000      0.000      0.000      0.000      0.000      0.000      0.000      0.000
   -96.803   -234.297   -485.045   -870.900  -1303.603  -1399.681      0.000      0.000      0.000      0.000      0.000      0.000      0.000      0.000
   -64.664   -145.697   -284.393   -635.711  -1118.591  -1635.006  -1910.782      0.000      0.000      0.000      0.000      0.000      0.000      0.000
   -13.712    -79.316   -135.150   -343.452   -765.969  -1474.205  -2280.732  -2580.066      0.000      0.000      0.000      0.000      0.000      0.000
    -6.967    -29.195    -94.064   -215.882   -482.882  -1003.263  -1951.385  -2964.280  -3455.003      0.000      0.000      0.000      0.000      0.000
   -12.857    -26.619    -50.108   -121.269   -248.034   -648.628  -1267.552  -2660.245  -4017.996  -4616.366      0.000      0.000      0.000      0.000
     0.000     -7.925     -7.223    -20.919   -124.722   -314.934   -845.686  -1716.189  -3379.935  -5202.718  -5695.529      0.000      0.000      0.000
     0.000      0.000      0.000    -30.710    -49.153   -152.075   -432.085   -923.725  -2120.164  -4060.531  -6436.269  -6378.075      0.000      0.000
     0.000      0.000      0.000      0.000    -63.200    -78.231   -187.338   -395.477  -1103.127  -2411.490  -4406.059  -6583.278  -5937.679      0.000
     0.000      0.000      0.000      0.000      0.000    -27.326    -51.415   -223.235   -382.284  -1180.295  -2291.133  -4226.716  -5730.983  -4616.201
