  -170.990      0.000      0.000      0.000      0.000      0.000      0.000      0.000      0.000      0.000      0.000      0.000      0.000      0.000
  -483.531   -563.954      0.000      0.000      0.000      0.000      0.000      0.000      0.000      0.000      0.000      0.000      0.000      0.000
  -477.341   -645.333   -711.654      0.000      0.000      0.000      0.000      0.000      0.000      0.000      0.000      0.000      0.000      0.000
  -305.257   -605.238   -798.542   -895.099      0.000      0.000      0.000      0.000      0.000      0.000      0.000      0.000      0.000      0.000
  -160.423   -425.408   -692.624  -1005.689  -1102.506      0.000      0.000      0.000      0.000      0.000      0.000      0.000      0.000      0.000
   -96.802   -234.293   -485.053   -870.870  -1303.625  -1399.665      0.000      0.000      0.000      0.000      0.000      0.000      0.000      0.000
   -64.663   -145.704   -284.394   -635.711  -1118.551  -1634.933  -1910.720      0.000      0.000      0.000      0.000      0.000      0.000      0.000
   -13.711    -79.320   -135.144   -343.448   -765.977  -1474.124  -2280.670  -2579.955      0.000      0.000      0.000      0.000      0.000      0.000
    -6.967    -29.193    -94.062   -215.858   -482.882  -1003.213  -1951.360  -2964.152  -3454.889      0.000      0.000      0.000      0.000      0.000
   -12.857    -26.619    -50.108   -121.271   -248.023   -648.599  -1267.538  -2660.221  -4017.763  -4616.274      0.000      0.000      0.000      0.000
     0.000     -7.925     -7.223    -20.919   -124.723   -314.945   -845.687  -1716.182  -3379.899  -5202.609  -5695.690      0.000      0.000      0.000
     0.000      0.000      0.000    -30.709    -49.154   -152.074   -432.085   -923.710  -2120.125  -4060.513  -6436.546  -6378.136      0.000      0.000
     0.000      0.000      0.000      0.000    -63.202    -78.232   -187.357   -395.468  -1103.135  -2411.471  -4406.010  -6583.247  -5937.562      0.000
     0.000      0.000      0.000      0.000      0.000    -27.325    -51.412   -223.226   -382.272  -1180.319  -2291.109  -4226.704  -5730.746  -4616.106
