  -170.676      0.000      0.000      0.000      0.000      0.000      0.000      0.000      0.000      0.000      0.000      0.000      0.000      0.000
  -483.355   -563.821      0.000      0.000      0.000      0.000      0.000      0.000      0.000      0.000      0.000      0.000      0.000      0.000
  -477.320   -645.196   -711.564      0.000      0.000      0.000      0.000      0.000      0.000      0.000      0.000      0.000      0.000      0.000
  -305.239   -605.176   -798.442   -895.013      0.000      0.000      0.000      0.000      0.000      0.000      0.000      0.000      0.000      0.000
  -160.413   -425.398   -692.575  -1005.633  -1102.436      0.000      0.000      0.000      0.000      0.000      0.000      0.000      0.000      0.000
   -96.799   -234.283   -485.055   -870.817  -1303.623  -1399.628      0.000      0.000      0.000      0.000      0.000      0.000      0.000      0.000
   -64.659   -145.714   -284.391   -635.710  -1118.476  -1634.810  -1910.644      0.000      0.000      0.000      0.000      0.000      0.000      0.000
   -13.711    -79.326   -135.135   -343.439   -765.990  -1474.026  -2280.617  -2579.830      0.000      0.000      0.000      0.000      0.000      0.000
    -6.966    -29.190    -94.058   -215.831   -482.878  -1003.153  -1951.346  -2963.977  -3454.796      0.000      0.000      0.000      0.000      0.000
   -12.856    -26.620    -50.109   -121.272   -248.012   -648.563  -1267.520  -2660.231  -4017.546  -4616.297      0.000      0.000      0.000      0.000
     0.000     -7.924     -7.223    -20.918   -124.724   -314.962   -845.703  -1716.175  -3379.897  -5202.572  -5696.032      0.000      0.000      0.000
     0.000      0.000      0.000    -30.708    -49.153   -152.072   -432.089   -923.696  -2120.086  -4060.556  -6436.942  -6378.226      0.000      0.000
     0.000      0.000      0.000      0.000    -63.203    -78.233   -187.381   -395.455  -1103.158  -2411.456  -4405.987  -6583.172  -5937.371      0.000
     0.000      0.000      0.000      0.000      0.000    -27.323    -51.406   -223.216   -382.257  -1180.362  -2291.073  -4226.675  -5730.397  -4615.935
