  -171.012      0.000      0.000      0.000      0.000      0.000      0.000      0.000      0.000      0.000      0.000      0.000      0.000      0.000
  -483.545   -563.960      0.000      0.000      0.000      0.000      0.000      0.000      0.000      0.000      0.000      0.000      0.000      0.000
  -477.339   -645.341   -711.659      0.000      0.000      0.000      0.000      0.000      0.000      0.000      0.000      0.000      0.000      0.000
  -305.257   -605.243   -798.546   -895.103      0.000      0.000      0.000      0.000      0.000      0.000      0.000      0.000      0.000      0.000
  -160.422   -425.407   -692.628  -1005.686  -1102.505      0.000      0.000      0.000      0.000      0.000      0.000      0.000      0.000      0.000
   -96.802   -234.293   -485.050   -870.874  -1303.616  -1399.665      0.000      0.000      0.000      0.000      0.000      0.000      0.000      0.000
   -64.663   -145.703   -284.393   -635.711  -1118.554  -1634.942  -1910.732      0.000      0.000      0.000      0.000      0.000      0.000      0.000
   -13.711    -79.320   -135.145   -343.448   -765.976  -1474.140  -2280.685  -2579.978      0.000      0.000      0.000      0.000      0.000      0.000
    -6.967    -29.193    -94.062   -215.863   -482.881  -1003.222  -1951.367  -2964.174  -3454.918      0.000      0.000      0.000      0.000      0.000
   -12.857    -26.619    -50.108   -121.270   -248.026   -648.604  -1267.541  -2660.231  -4017.819  -4616.312      0.000      0.000      0.000      0.000
     0.000     -7.925     -7.223    -20.919   -124.722   -314.943   -845.689  -1716.183  -3379.912  -5202.643  -5695.677      0.000      0.000      0.000
     0.000      0.000      0.000    -30.709    -49.153   -152.074   -432.086   -923.713  -2120.134  -4060.525  -6436.496  -6378.124      0.000      0.000
     0.000      0.000      0.000      0.000    -63.201    -78.232   -187.353   -395.470  -1103.135  -2411.476  -4406.024  -6583.245  -5937.578      0.000
     0.000      0.000      0.000      0.000      0.000    -27.325    -51.412   -223.228   -382.274  -1180.316  -2291.113  -4226.704  -5730.784  -4616.116
