  -169.800      0.000      0.000      0.000      0.000      0.000      0.000      0.000      0.000      0.000      0.000      0.000      0.000      0.000
  -482.863   -563.462      0.000      0.000      0.000      0.000      0.000      0.000      0.000      0.000      0.000      0.000      0.000      0.000
  -477.272   -644.822   -711.321      0.000      0.000      0.000      0.000      0.000      0.000      0.000      0.000      0.000      0.000      0.000
  -305.192   -605.003   -798.178   -894.783      0.000      0.000      0.000      0.000      0.000      0.000      0.000      0.000      0.000      0.000
  -160.387   -425.377   -692.442  -1005.502  -1102.261      0.000      0.000      0.000      0.000      0.000      0.000      0.000      0.000      0.000
   -96.793   -234.259   -485.069   -870.672  -1303.653  -1399.549      0.000      0.000      0.000      0.000      0.000      0.000      0.000      0.000
   -64.649   -145.745   -284.385   -635.713  -1118.272  -1634.483  -1910.442      0.000      0.000      0.000      0.000      0.000      0.000      0.000
   -13.709    -79.342   -135.110   -343.416   -766.034  -1473.742  -2280.478  -2579.477      0.000      0.000      0.000      0.000      0.000      0.000
    -6.965    -29.180    -94.048   -215.748   -482.872  -1002.977  -1951.312  -2963.506  -3454.533      0.000      0.000      0.000      0.000      0.000
   -12.853    -26.622    -50.112   -121.277   -247.977   -648.455  -1267.474  -2660.270  -4016.917  -4616.365      0.000      0.000      0.000      0.000
     0.000     -7.923     -7.222    -20.914   -124.727   -315.012   -845.747  -1716.163  -3379.901  -5202.497  -5697.078      0.000      0.000      0.000
     0.000      0.000      0.000    -30.703    -49.153   -152.068   -432.101   -923.654  -2119.977  -4060.692  -6438.223  -6378.576      0.000      0.000
     0.000      0.000      0.000      0.000    -63.209    -78.234   -187.458   -395.418  -1103.225  -2411.424  -4405.944  -6583.054  -5936.891      0.000
     0.000      0.000      0.000      0.000      0.000    -27.317    -51.389   -223.185   -382.214  -1180.487  -2290.980  -4226.629  -5729.425  -4615.481
