  -171.228      0.000      0.000      0.000      0.000      0.000      0.000      0.000      0.000      0.000      0.000      0.000      0.000      0.000
  -483.669   -564.048      0.000      0.000      0.000      0.000      0.000      0.000      0.000      0.000      0.000      0.000      0.000      0.000
  -477.350   -645.434   -711.719      0.000      0.000      0.000      0.000      0.000      0.000      0.000      0.000      0.000      0.000      0.000
  -305.269   -605.287   -798.612   -895.161      0.000      0.000      0.000      0.000      0.000      0.000      0.000      0.000      0.000      0.000
  -160.427   -425.411   -692.662  -1005.717  -1102.548      0.000      0.000      0.000      0.000      0.000      0.000      0.000      0.000      0.000
   -96.804   -234.299   -485.045   -870.910  -1303.607  -1399.690      0.000      0.000      0.000      0.000      0.000      0.000      0.000      0.000
   -64.665   -145.696   -284.394   -635.711  -1118.604  -1635.029  -1910.795      0.000      0.000      0.000      0.000      0.000      0.000      0.000
   -13.712    -79.315   -135.152   -343.454   -765.967  -1474.220  -2280.740  -2580.086      0.000      0.000      0.000      0.000      0.000      0.000
    -6.967    -29.196    -94.065   -215.886   -482.883  -1003.272  -1951.387  -2964.311  -3455.015      0.000      0.000      0.000      0.000      0.000
   -12.857    -26.619    -50.107   -121.269   -248.035   -648.633  -1267.556  -2660.241  -4018.027  -4616.355      0.000      0.000      0.000      0.000
     0.000     -7.925     -7.224    -20.920   -124.722   -314.932   -845.683  -1716.191  -3379.933  -5202.720  -5695.468      0.000      0.000      0.000
     0.000      0.000      0.000    -30.710    -49.153   -152.075   -432.084   -923.727  -2120.169  -4060.521  -6436.209  -6378.063      0.000      0.000
     0.000      0.000      0.000      0.000    -63.200    -78.232   -187.334   -395.479  -1103.123  -2411.492  -4406.061  -6583.296  -5937.712      0.000
     0.000      0.000      0.000      0.000      0.000    -27.327    -51.416   -223.237   -382.286  -1180.287  -2291.140  -4226.724  -5731.048  -4616.233
