  -170.409      0.000      0.000      0.000      0.000      0.000      0.000      0.000      0.000      0.000      0.000      0.000      0.000      0.000
  -483.202   -563.712      0.000      0.000      0.000      0.000      0.000      0.000      0.000      0.000      0.000      0.000      0.000      0.000
  -477.306   -645.081   -711.490      0.000      0.000      0.000      0.000      0.000      0.000      0.000      0.000      0.000      0.000      0.000
  -305.225   -605.122   -798.361   -894.942      0.000      0.000      0.000      0.000      0.000      0.000      0.000      0.000      0.000      0.000
  -160.406   -425.393   -692.534  -1005.595  -1102.384      0.000      0.000      0.000      0.000      0.000      0.000      0.000      0.000      0.000
   -96.797   -234.276   -485.060   -870.772  -1303.635  -1399.603      0.000      0.000      0.000      0.000      0.000      0.000      0.000      0.000
   -64.656   -145.724   -284.389   -635.711  -1118.413  -1634.707  -1910.576      0.000      0.000      0.000      0.000      0.000      0.000      0.000
   -13.710    -79.331   -135.127   -343.432   -766.003  -1473.933  -2280.564  -2579.711      0.000      0.000      0.000      0.000      0.000      0.000
    -6.966    -29.187    -94.055   -215.804   -482.877  -1003.096  -1951.330  -2963.822  -3454.698      0.000      0.000      0.000      0.000      0.000
   -12.855    -26.620    -50.110   -121.274   -248.000   -648.528  -1267.504  -2660.234  -4017.324  -4616.287      0.000      0.000      0.000      0.000
     0.000     -7.924     -7.223    -20.916   -124.725   -314.977   -845.714  -1716.169  -3379.887  -5202.520  -5696.332      0.000      0.000      0.000
     0.000      0.000      0.000    -30.706    -49.153   -152.071   -432.092   -923.681  -2120.048  -4060.583  -6437.329  -6378.324      0.000      0.000
     0.000      0.000      0.000      0.000    -63.205    -78.233   -187.405   -395.443  -1103.176  -2411.442  -4405.961  -6583.128  -5937.216      0.000
     0.000      0.000      0.000      0.000      0.000    -27.321    -51.401   -223.206   -382.243  -1180.399  -2291.042  -4226.660  -5730.087  -4615.794
