  -170.255      0.000      0.000      0.000      0.000      0.000      0.000      0.000      0.000      0.000      0.000      0.000      0.000      0.000
  -483.118   -563.648      0.000      0.000      0.000      0.000      0.000      0.000      0.000      0.000      0.000      0.000      0.000      0.000
  -477.296   -645.016   -711.446      0.000      0.000      0.000      0.000      0.000      0.000      0.000      0.000      0.000      0.000      0.000
  -305.216   -605.092   -798.313   -894.901      0.000      0.000      0.000      0.000      0.000      0.000      0.000      0.000      0.000      0.000
  -160.401   -425.388   -692.511  -1005.569  -1102.351      0.000      0.000      0.000      0.000      0.000      0.000      0.000      0.000      0.000
   -96.796   -234.271   -485.061   -870.747  -1303.635  -1399.587      0.000      0.000      0.000      0.000      0.000      0.000      0.000      0.000
   -64.654   -145.729   -284.388   -635.711  -1118.378  -1634.650  -1910.542      0.000      0.000      0.000      0.000      0.000      0.000      0.000
   -13.710    -79.333   -135.123   -343.428   -766.010  -1473.887  -2280.543  -2579.654      0.000      0.000      0.000      0.000      0.000      0.000
    -6.965    -29.185    -94.053   -215.791   -482.875  -1003.068  -1951.326  -2963.743  -3454.660      0.000      0.000      0.000      0.000      0.000
   -12.855    -26.621    -50.111   -121.274   -247.995   -648.511  -1267.496  -2660.243  -4017.229  -4616.311      0.000      0.000      0.000      0.000
     0.000     -7.924     -7.222    -20.916   -124.725   -314.985   -845.723  -1716.167  -3379.892  -5202.516  -5696.513      0.000      0.000      0.000
     0.000      0.000      0.000    -30.705    -49.153   -152.070   -432.094   -923.675  -2120.031  -4060.611  -6437.537  -6378.379      0.000      0.000
     0.000      0.000      0.000      0.000    -63.206    -78.233   -187.418   -395.437  -1103.189  -2411.437  -4405.956  -6583.102  -5937.131      0.000
     0.000      0.000      0.000      0.000      0.000    -27.320    -51.398   -223.201   -382.236  -1180.421  -2291.026  -4226.660  -5729.923  -4615.713
