  -170.322      0.000      0.000      0.000      0.000      0.000      0.000      0.000      0.000      0.000      0.000      0.000      0.000      0.000
  -483.156   -563.675      0.000      0.000      0.000      0.000      0.000      0.000      0.000      0.000      0.000      0.000      0.000      0.000
  -477.300   -645.044   -711.465      0.000      0.000      0.000      0.000      0.000      0.000      0.000      0.000      0.000      0.000      0.000
  -305.220   -605.105   -798.334   -894.919      0.000      0.000      0.000      0.000      0.000      0.000      0.000      0.000      0.000      0.000
  -160.403   -425.389   -692.521  -1005.578  -1102.363      0.000      0.000      0.000      0.000      0.000      0.000      0.000      0.000      0.000
   -96.797   -234.273   -485.060   -870.758  -1303.631  -1399.593      0.000      0.000      0.000      0.000      0.000      0.000      0.000      0.000
   -64.655   -145.726   -284.388   -635.711  -1118.393  -1634.675  -1910.559      0.000      0.000      0.000      0.000      0.000      0.000      0.000
   -13.710    -79.332   -135.125   -343.429   -766.007  -1473.911  -2280.556  -2579.684      0.000      0.000      0.000      0.000      0.000      0.000
    -6.966    -29.186    -94.054   -215.798   -482.875  -1003.082  -1951.329  -2963.781  -3454.684      0.000      0.000      0.000      0.000      0.000
   -12.855    -26.621    -50.110   -121.274   -247.998   -648.519  -1267.500  -2660.242  -4017.285  -4616.312      0.000      0.000      0.000      0.000
     0.000     -7.924     -7.222    -20.916   -124.725   -314.981   -845.720  -1716.168  -3379.894  -5202.527  -5696.434      0.000      0.000      0.000
     0.000      0.000      0.000    -30.706    -49.153   -152.070   -432.093   -923.678  -2120.040  -4060.603  -6437.434  -6378.351      0.000      0.000
     0.000      0.000      0.000      0.000    -63.206    -78.233   -187.412   -395.440  -1103.184  -2411.440  -4405.962  -6583.110  -5937.168      0.000
     0.000      0.000      0.000      0.000      0.000    -27.321    -51.399   -223.204   -382.240  -1180.411  -2291.033  -4226.657  -5730.000  -4615.748
