  -0.20789
   0.19691
   0.16563
   0.13541
   0.10907
   0.08502
   0.06365
   0.04403
   0.02673
   0.01093
  -0.00377
  -0.01706
  -0.02901
  -0.03991
  -0.05036
  -0.05939
  -0.06788
  -0.07592
  -0.08332
  -0.09015
  -0.09650
  -0.10246
  -0.10772
  -0.11294
  -0.11774
  -0.12183
  -0.12617
  -0.12996
  -0.13382
  -0.13725
  -0.14030
  -0.14358
  -0.14613
  -0.14861
  -0.15088
  -0.15283
  -0.15557
  -0.15779
  -0.15968
  -0.16148
  -0.16301
  -0.16458
  -0.16609
  -0.16745
  -0.16878
  -0.16981
  -0.17140
  -0.17240
  -0.17325
  -0.17421
  -0.17562
  -0.17598
  -0.17706
  -0.17788
  -0.17815
  -0.17915
  -0.17964
  -0.18040
  -0.18072
  -0.18156
  -0.18179
  -0.18216
  -0.18253
  -0.18282
  -0.18328
  -0.18365
  -0.18395
