# det_z, det_zpdf, Ntot_bin
4.614181071519851685e-02 3.833981432874647346e-03
3.190089017152786255e-02 1.857982308707039308e-03
7.497000042349100113e-03 1.052660738630412985e-04
1.496720872819423676e-02 4.160110526130778334e-04
4.846094921231269836e-02 4.219849054244335061e-03
5.302474275231361389e-02 5.028774825382136514e-03
4.954342171549797058e-02 4.404779832984840118e-03
4.102130979299545288e-02 3.045576399796281510e-03
3.392985835671424866e-02 2.097406862931681416e-03
1.390670705586671829e-02 3.603135970253776126e-04
3.209049627184867859e-02 1.879365038941968168e-03
7.546371966600418091e-02 9.966867881527079545e-03
4.835949093103408813e-02 4.202598838255204063e-03
7.649215310811996460e-02 1.023001758450531318e-02
4.600307717919349670e-02 3.811255552916486405e-03
5.788908526301383972e-02 5.966629890926397096e-03
6.207948178052902222e-02 6.833636951658074096e-03
5.402516946196556091e-02 5.216227294267824013e-03
3.135413303971290588e-02 1.796322054981863399e-03
6.137270852923393250e-02 6.683456929936854030e-03
5.887443572282791138e-02 6.164229531158607785e-03
6.733325123786926270e-02 7.998375676273563467e-03
3.893827274441719055e-02 2.749760098154090289e-03
7.086370885372161865e-02 8.828437176209060974e-03
5.207526683807373047e-02 4.855648579695908199e-03
4.718898236751556396e-02 4.005518164017183962e-03
2.009058557450771332e-02 7.463003169323166337e-04
5.930966138839721680e-02 6.253963658657135313e-03
2.617970854043960571e-02 1.258463035403373622e-03
4.083980247378349304e-02 3.019267137184141608e-03
7.976852357387542725e-02 1.108855620819645255e-02
2.597082965075969696e-02 1.239032140354571435e-03
4.934980720281600952e-02 4.370975134112980304e-03
5.704775080084800720e-02 5.797910847480374809e-03
2.685688622295856476e-02 1.323157981179854965e-03
4.461498558521270752e-02 3.590029247839146564e-03
1.625563204288482666e-02 4.909037074641413052e-04
3.048405237495899200e-02 1.698199156480279534e-03
4.632567241787910461e-02 3.864099738111752887e-03
2.249464765191078186e-02 9.323881074677013280e-04
4.371061176061630249e-02 3.447536532989557614e-03
6.502713263034820557e-02 7.476263534611543755e-03
8.421030640602111816e-02 1.230521675485454942e-02
5.406256765127182007e-02 5.223274670202025793e-03
7.332503050565719604e-02 9.429850017964027872e-03
6.092526763677597046e-02 6.588381624207374949e-03
4.580930992960929871e-02 3.779514624366130289e-03
4.463279992341995239e-02 3.592836066596347654e-03
4.938742890954017639e-02 4.377371680148384354e-03
5.685334652662277222e-02 5.759809773835838573e-03
3.730527311563491821e-02 2.527890717565913891e-03
5.319103971123695374e-02 5.059097204007699869e-03
2.926292270421981812e-02 1.567930310800541484e-03
9.133183211088180542e-02 1.437244294970946648e-02
5.782547593116760254e-02 5.953873839550930663e-03
5.682286620140075684e-02 5.753881111438769423e-03
4.742765054106712341e-02 4.044614293317673297e-03
1.912555471062660217e-02 6.759109135020195235e-04
5.312694981694221497e-02 5.047411133177185337e-03
5.455857887864112854e-02 5.316743836803395316e-03
4.009401425719261169e-02 2.911166052729163237e-03
1.717881672084331512e-02 5.462440698363539137e-04
5.768255516886711121e-02 5.925212878437034932e-03
8.367539197206497192e-02 1.215483500388229651e-02
8.202514052391052246e-02 1.169959227424234756e-02
5.303122103214263916e-02 5.029956066789615862e-03
4.569667205214500427e-02 3.761063462839454082e-03
6.744895130395889282e-02 8.025002589311408530e-03
6.793275475502014160e-02 8.136343860359924671e-03
2.430516481399536133e-02 1.086712847305319101e-03
1.619976386427879333e-02 4.875871522483262973e-04
4.925031214952468872e-02 4.354058711545046034e-03
6.329227983951568604e-02 7.094846856468922831e-03
1.009780988097190857e-01 1.740211762653219585e-02
2.180965617299079895e-02 8.778133414360874852e-04
7.231259346008300781e-02 9.179311469774345186e-03
2.911781519651412964e-02 1.552515774903444118e-03
6.416288018226623535e-02 7.284991889397037131e-03
5.980250611901283264e-02 6.355751081459731083e-03
1.936109177768230438e-02 6.930909999182144647e-04
4.957808181643486023e-02 4.410886912609020619e-03
4.834015294909477234e-02 4.199310941387218547e-03
4.963196069002151489e-02 4.420380323250090553e-03
6.978730112314224243e-02 8.571205625902765524e-03
3.431810438632965088e-02 2.144482551927164634e-03
2.919843047857284546e-02 1.561079405957387003e-03
5.371883511543273926e-02 5.158501149189097072e-03
2.037823200225830078e-02 7.672812629372874772e-04
8.386460691690444946e-02 1.220802944566363665e-02
4.901703447103500366e-02 4.314396199144114250e-03
3.322389349341392517e-02 2.013196929261978647e-03
4.472473636269569397e-02 3.607321528768863902e-03
3.487927466630935669e-02 2.215052716122017061e-03
3.807682916522026062e-02 2.630374382457384766e-03
4.940681904554367065e-02 4.380710561409275304e-03
7.893890142440795898e-02 1.086915543642475585e-02
6.592418998479843140e-02 7.677464797371484975e-03
5.309527739882469177e-02 5.041636024237343416e-03
4.855715855956077576e-02 4.236206832035239490e-03
4.803632572293281555e-02 4.147653400882665015e-03
2.545187622308731079e-02 1.190756655915857498e-03
3.795897588133811951e-02 2.614303799182418706e-03
3.985750675201416016e-02 2.877154871926764119e-03
3.567179664969444275e-02 2.314716594432782160e-03
3.877477347850799561e-02 2.727101067025607291e-03
5.540856719017028809e-02 5.478788857500568009e-03
8.799738436937332153e-02 1.338684383656973606e-02
1.484004873782396317e-02 4.093326209792676716e-04
8.847527205944061279e-02 1.352641994551910358e-02
2.725879848003387451e-02 1.363206579922581580e-03
5.832761898636817932e-02 6.054572312936186765e-03
4.335369542241096497e-02 3.393478151175934304e-03
3.281371667981147766e-02 1.964269618482181526e-03
8.189193159341812134e-02 1.166287851123419018e-02
2.427717857062816620e-02 1.084295757892644353e-03
5.480426549911499023e-02 5.363041425232176543e-03
1.011105105280876160e-01 1.744571088624153471e-02
5.344906076788902283e-02 5.107664430090872246e-03
7.425204664468765259e-02 9.660117211521502753e-03
4.936514049768447876e-02 4.373582143072454048e-03
8.842681348323822021e-02 1.351226670480557002e-02
1.904394291341304779e-02 6.699581445971648742e-04
1.054749488830566406e-01 1.890244969171304620e-02
2.503103017807006836e-02 1.151607580846736182e-03
3.287162259221076965e-02 1.971176836242895507e-03
4.047096520662307739e-02 2.965804629088060994e-03
6.369270384311676025e-02 7.182302180813711877e-03
1.193516924977302551e-01 2.386915296002244460e-02
8.578412979841232300e-02 1.274922819661118700e-02
5.087871104478836060e-02 4.640056650849360559e-03
3.022736869752407074e-02 1.670381849109314840e-03
2.200154215097427368e-02 8.931013160685701740e-04
3.233219683170318604e-02 1.906832263483686707e-03
6.134999543428421021e-02 6.678630695940795080e-03
5.420143902301788330e-02 5.249443818531059243e-03
1.899110525846481323e-02 6.661643753108288700e-04
7.199587672948837280e-02 9.102107779594780998e-03
5.671350285410881042e-02 5.732609082351658100e-03
5.476558580994606018e-02 5.355752561368762321e-03
7.069283723831176758e-02 8.787133638905429353e-03
4.957899078726768494e-02 4.411047072478786399e-03
7.939934730529785156e-02 1.099092434253603340e-02
5.892707407474517822e-02 6.174947745054963980e-03
1.935379579663276672e-02 6.925588306656682135e-04
5.858609080314636230e-02 6.106405584537006118e-03
8.409845083951950073e-02 1.227377053677046990e-02
8.787676692008972168e-02 1.335161523664486240e-02
6.596828997135162354e-02 7.687355996566475926e-03
4.817087575793266296e-02 4.170529967840455425e-03
3.424224629998207092e-02 2.134942991832767742e-03
2.952272444963455200e-02 1.595528630102850893e-03
4.545896127820014954e-02 3.723005661452745158e-03
2.510612457990646362e-02 1.158593214689732868e-03
8.244377374649047852e-02 1.181497193283077146e-02
8.068236708641052246e-02 1.133516586018281855e-02
1.201015263795852661e-01 2.415188664282633818e-02
4.667953401803970337e-02 3.922065652328497395e-03
4.496875032782554626e-02 3.645768254455647710e-03
5.052607133984565735e-02 4.577921841702271670e-03
3.740866854786872864e-02 2.541558577628862895e-03
4.546983167529106140e-02 3.724718396110527317e-03
1.006930172443389893e-01 1.730829794544802222e-02
4.488597810268402100e-02 3.632726701555970619e-03
4.788710549473762512e-02 4.122282567335368471e-03
5.769822373986244202e-02 5.928355013259009078e-03
4.151289537549018860e-02 3.116831125183374546e-03
7.044637948274612427e-02 8.727559220554209629e-03
8.783573657274246216e-02 1.333963155020429815e-02
7.867319136857986450e-02 1.079888610796769267e-02
8.831236511468887329e-02 1.347883990120769641e-02
8.279777318239212036e-02 1.191253784937009765e-02
3.970844671130180359e-02 2.856496943686339610e-03
3.135774284601211548e-02 1.796729149026652728e-03
1.679247058928012848e-02 5.227725588482750717e-04
5.568969249725341797e-02 5.533469935370575327e-03
4.672429338097572327e-02 3.929397664027896309e-03
7.400219142436981201e-02 9.597420845411213861e-03
1.665222458541393280e-02 5.144470034565439866e-04
3.271184116601943970e-02 1.952117554399433004e-03
4.569881409406661987e-02 3.761414349791360190e-03
7.349496334791183472e-02 9.471901746290581001e-03
8.012387901544570923e-02 1.118434476005900416e-02
3.654220327734947205e-02 2.427020383716367927e-03
4.940113425254821777e-02 4.379708905830330401e-03
2.811753377318382263e-02 1.448775369070348304e-03
3.381767868995666504e-02 2.084025683799644278e-03
7.496175915002822876e-02 9.839790095785288723e-03
6.722332537174224854e-02 7.973077622634543171e-03
1.192832831293344498e-02 2.658482928498862204e-04
5.471792817115783691e-02 5.346771878001270809e-03
2.774184755980968475e-02 1.411340067837979885e-03
3.428223729133605957e-02 2.139972072892206562e-03
3.226979449391365051e-02 1.899585303519588228e-03
5.412652716040611267e-02 5.235327304669035349e-03
5.038779228925704956e-02 4.553557193317712276e-03
6.231198459863662720e-02 6.883040743057454967e-03
3.015879355370998383e-02 1.663097222471561672e-03
4.303482174873352051e-02 3.345241297846894384e-03
4.982824996113777161e-02 4.454966322011663302e-03
2.081113308668136597e-02 7.988570914598271643e-04
4.859231412410736084e-02 4.242184077795820539e-03
1.710436679422855377e-02 5.413176700071567786e-04
8.355955034494400024e-02 1.212249153721651866e-02
3.691812977194786072e-02 2.476714172030988932e-03
4.992729425430297852e-02 4.472417840279943081e-03
3.455071896314620972e-02 2.173735079129165450e-03
3.335423395037651062e-02 2.028744390340971211e-03
7.079175859689712524e-02 8.811045170464699636e-03
2.210223861038684845e-02 9.011240227470792858e-04
6.840111315250396729e-02 8.244137115112350547e-03
3.016545809805393219e-02 1.663805186240300280e-03
6.895256787538528442e-02 8.374251846160033624e-03
7.921607047319412231e-02 1.094245519494005739e-02
3.286242485046386719e-02 1.970079697755298866e-03
2.211550995707511902e-02 9.021813799007460076e-04
2.634296938776969910e-02 1.273650325966392419e-03
3.025851026177406311e-02 1.673689967122042946e-03
1.150381658226251602e-02 2.464741943969829389e-04
5.851998925209045410e-02 6.093149749948058476e-03
3.173048049211502075e-02 1.838764444945588080e-03
6.646998971700668335e-02 7.799882382812986341e-03
1.820872910320758820e-02 6.143940387519895591e-04
3.667743131518363953e-02 2.444896201417144470e-03
3.935134783387184143e-02 2.807007335677176845e-03
5.910736322402954102e-02 6.212182936434620072e-03
3.658967837691307068e-02 2.433296125335615741e-03
4.857726767659187317e-02 4.239625839412119145e-03
3.072862327098846436e-02 1.725780513220724708e-03
8.324351906776428223e-02 1.203539003906130625e-02
4.698197543621063232e-02 3.971608448984958323e-03
4.608391970396041870e-02 3.824498331600518705e-03
7.986047118902206421e-02 1.111321081785356796e-02
9.766236692667007446e-02 1.633225436094135410e-02
3.386723250150680542e-02 2.089936634047522522e-03
5.796855315566062927e-02 5.982566177189439262e-03
3.589132800698280334e-02 2.342323836801923215e-03
3.232517093420028687e-02 1.905994190098669709e-03
4.689278453588485718e-02 3.956998126545757145e-03
3.222408145666122437e-02 1.894430039305335794e-03
4.241983219981193542e-02 3.252210222787902446e-03
4.363385215401649475e-02 3.435858191571708551e-03
2.110870555043220520e-02 8.219670756020010585e-04
4.035032168030738831e-02 2.948317498375786598e-03
8.362441509962081909e-02 1.214050375602169184e-02
3.276859968900680542e-02 1.958887907577651789e-03
6.122413650155067444e-02 6.651887327799602991e-03
2.852463722229003906e-02 1.489503437901626946e-03
3.889212012290954590e-02 2.743363900094194455e-03
4.831099137663841248e-02 4.194352810645052103e-03
5.955795943737030029e-02 6.305244755769228229e-03
9.152955561876296997e-02 1.443232598715124375e-02
2.366884239017963409e-02 1.031755553699585616e-03
2.369673736393451691e-02 1.034164760424658314e-03
2.863877452909946442e-02 1.501628059437959189e-03
4.154555872082710266e-02 3.121565636904394432e-03
6.164935231208801270e-02 6.742240095884258905e-03
2.574837207794189453e-02 1.218338092445479456e-03
6.893699616193771362e-02 8.370577728915020929e-03
4.153230413794517517e-02 3.119644401422712321e-03
3.245765343308448792e-02 1.921797161356021038e-03
9.036811441183090210e-02 1.408504370622028906e-02
5.919094011187553406e-02 6.229444105097373292e-03
4.449457675218582153e-02 3.571057688686017813e-03
1.362976338714361191e-02 3.457685396327324205e-04
1.783433929085731506e-02 5.896204225581244598e-04
1.007085107266902924e-02 1.902717441944646465e-04
1.921334862709045410e-02 6.823146065195116435e-04
2.165897004306316376e-02 8.658078486115983229e-04
2.454286441206932068e-02 1.107242261502261503e-03
4.455226287245750427e-02 3.580146686690045734e-03
3.894511237740516663e-02 2.750707988995802593e-03
1.575626246631145477e-02 4.612591617651891850e-04
2.777606062591075897e-02 1.414749233226492891e-03
5.486572161316871643e-02 5.374622315837468065e-03
6.926149129867553711e-02 8.447141761628926618e-03
6.881240755319595337e-02 8.341181275053245400e-03
2.014081738889217377e-02 7.499642281916141413e-04
8.138237148523330688e-02 1.152420379852154772e-02
4.735045135021209717e-02 4.031968327570969839e-03
3.794867917895317078e-02 2.612942676313962775e-03
3.567440062761306763e-02 2.315044058583741633e-03
3.372339159250259399e-02 2.072778792296577684e-03
3.532104566693305969e-02 2.270607782316303759e-03
4.475293681025505066e-02 3.611764778035282415e-03
1.807806640863418579e-02 6.057480036852308600e-04
3.373542800545692444e-02 2.074214537316190678e-03
2.311444468796253204e-02 9.838738570081728869e-04
2.893820777535438538e-02 1.533436368988298684e-03
5.136181414127349854e-02 4.725558511038798447e-03
4.952387884259223938e-02 4.401336395784878446e-03
7.571365684270858765e-02 1.003014270490317113e-02
7.525867968797683716e-02 9.914959363691567412e-03
2.875325083732604980e-02 1.513788692546653124e-03
9.160270541906356812e-02 1.445448031911308710e-02
5.919760838150978088e-02 6.230821305538929329e-03
6.431300193071365356e-02 7.317779499739087735e-03
9.045136719942092896e-02 1.410981003719908276e-02
6.239214166998863220e-02 6.900073066641709135e-03
7.719632238149642944e-02 1.041227689225995325e-02
6.560468673706054688e-02 7.605803318223184305e-03
6.531382352113723755e-02 7.540565520390231716e-03
7.944987714290618896e-02 1.100428739627789046e-02
6.680872291326522827e-02 7.877662088484440814e-03
6.380151212215423584e-02 7.206066648600465557e-03
6.657129526138305664e-02 7.823021104662110023e-03
5.368915200233459473e-02 5.152907614828730436e-03
1.696079038083553314e-02 5.327646848945624203e-04
6.538250297307968140e-02 7.555969655240616159e-03
3.154433891177177429e-02 1.817772424165410529e-03
3.343179449439048767e-02 2.037996080625200778e-03
4.441531375050544739e-02 3.558569047385939932e-03
8.357258886098861694e-02 1.212608508748578943e-02
4.292847588658332825e-02 3.329154081566135757e-03
6.737941503524780273e-02 8.008999692834995257e-03
2.144110202789306641e-02 8.484498283739931330e-04
5.391348153352737427e-02 5.195180638437233399e-03
4.859101399779319763e-02 4.241963026744592288e-03
3.430899232625961304e-02 2.143336661636397605e-03
9.686232358217239380e-02 1.607741016858462921e-02
7.827360183000564575e-02 1.069321118931785414e-02
2.364592626690864563e-02 1.029776355626764624e-03
4.063963517546653748e-02 2.990253133558020988e-03
3.973993286490440369e-02 2.860860545752869771e-03
6.651218235492706299e-02 7.809417013732735356e-03
8.501590788364410400e-02 1.253169739007463021e-02
4.789178073406219482e-02 4.123077464382049473e-03
4.363895952701568604e-02 3.436630797222772586e-03
8.568786829710006714e-02 1.272163787070598219e-02
1.508686505258083344e-02 4.222953923620977761e-04
4.279554635286331177e-02 3.309045483865981178e-03
3.894664719700813293e-02 2.750920696526731272e-03
4.217953607439994812e-02 3.215860000383654986e-03
2.233037352561950684e-02 9.193000293188614228e-04
2.617755718529224396e-02 1.258262906246496258e-03
2.900760434567928314e-02 1.540808254436005532e-03
4.981311410665512085e-02 4.452299397622901458e-03
6.267719715833663940e-02 6.960643609391328930e-03
6.723042577505111694e-02 7.974711691030773181e-03
6.243852898478507996e-02 6.909929761035497192e-03
4.284958168864250183e-02 3.317219550218046629e-03
4.150679334998130798e-02 3.115946644093156928e-03
3.757169470191001892e-02 2.563109033117054718e-03
3.015909157693386078e-02 1.663128880996714862e-03
4.461066424846649170e-02 3.589348380051954335e-03
9.830749779939651489e-02 1.653791323012403572e-02
3.880346938967704773e-02 2.731077975061395498e-03
5.219921469688415527e-02 4.878249076596216649e-03
2.257970348000526428e-02 9.391646909154259277e-04
6.060920655727386475e-02 6.522359251302081717e-03
5.673027783632278442e-02 5.735871948004798819e-03
2.321075089275836945e-02 9.921915402689336638e-04
3.470398858189582825e-02 2.193009553468102616e-03
3.306280076503753662e-02 1.993981230752807626e-03
1.495175156742334366e-02 4.151992438738617451e-04
1.966391876339912415e-02 7.151792166426777873e-04
2.482344210147857666e-02 1.132296763292060283e-03
2.109471522271633148e-02 8.208524356607813837e-04
2.979545854032039642e-02 1.624500731531027453e-03
7.366074621677398682e-02 9.512926518607054543e-03
1.783096790313720703e-02 5.893973356506726968e-04
6.500954926013946533e-02 7.472319755239998848e-03
4.187249764800071716e-02 3.169413495817146285e-03
2.888467907905578613e-02 1.527750102139218118e-03
2.440717630088329315e-02 1.095523278976796681e-03
5.767310783267021179e-02 5.923318333998488922e-03
1.069076284766197205e-01 1.939146422363768885e-02
5.592091754078865051e-02 5.578445020474909546e-03
5.614377558231353760e-02 5.621792658042722331e-03
3.544127941131591797e-02 2.285727818757233871e-03
6.309765577316284180e-02 7.052339637383358249e-03
8.352364599704742432e-02 1.211259592650359811e-02
5.226641520857810974e-02 4.890502333496452372e-03
4.043314233422279358e-02 2.960322250266948698e-03
6.510550528764724731e-02 7.493841761395140730e-03
6.781681627035140991e-02 8.109662078288839074e-03
6.610994786024093628e-02 7.719128486901728585e-03
1.523279212415218353e-02 4.301838996583744884e-04
7.943194359540939331e-02 1.099954471412562668e-02
2.140550874173641205e-02 8.456140335881100071e-04
6.197627261281013489e-02 6.811706360734535830e-03
6.311130523681640625e-02 7.055320773030122027e-03
5.575657635927200317e-02 5.546479371288073196e-03
2.973657101392745972e-02 1.618245204826535650e-03
2.799863368272781372e-02 1.436927554206980174e-03
2.717834338545799255e-02 1.355189621636898123e-03
3.580331429839134216e-02 2.331255642194536223e-03
2.497339807450771332e-02 1.146246371978391953e-03
1.232730131596326828e-02 2.840568408882022011e-04
5.672886595129966736e-02 5.735597325290488387e-03
6.044543161988258362e-02 6.488534746826013153e-03
6.918144226074218750e-02 8.428254337858390177e-03
3.515703231096267700e-02 2.249982225557671696e-03
1.285490393638610840e-02 3.081358577293305577e-04
5.254202987998723984e-03 5.284578986595732148e-05
7.693648338317871094e-02 1.034502306885188780e-02
5.382656678557395935e-02 5.178802281238223393e-03
4.172018170356750488e-02 3.146877023414749921e-03
5.935952998697757721e-03 6.659855688947470802e-05
2.071940153837203979e-02 7.921661873624568934e-04
2.857283875346183777e-02 1.494623808613593880e-03
4.039467871189117432e-02 2.954746995531601448e-03
4.619752615690231323e-02 3.843108155053274501e-03
4.080721735954284668e-02 3.014543964964278792e-03
5.139905586838722229e-02 4.732349120786104486e-03
2.808504737913608551e-02 1.445538258141501565e-03
7.591778784990310669e-02 1.008182110503606788e-02
3.061726503074169159e-02 1.713222145074319016e-03
5.003600567579269409e-02 4.491572698146755784e-03
8.695588260889053345e-02 1.308507421480866947e-02
9.736210852861404419e-02 1.623653610404592051e-02
1.089738979935646057e-01 2.010695094463495203e-02
4.308292269706726074e-02 3.352517653912931352e-03
3.863897547125816345e-02 2.708281097062140326e-03
7.153137028217315674e-02 8.989826056685782177e-03
4.067746549844741821e-02 2.995736592331624433e-03
1.796566881239414215e-02 5.983105819966332960e-04
4.912452399730682373e-02 4.332671863992668820e-03
4.449281468987464905e-02 3.570780058976240085e-03
5.658056959509849548e-02 5.706752520511398571e-03
3.601149842143058777e-02 2.357435909164790067e-03
5.173551663756370544e-02 4.793698954852046272e-03
2.119266055524349213e-02 8.286559540563478944e-04
2.380943670868873596e-02 1.043898270901455483e-03
3.473764285445213318e-02 2.197241758246022345e-03
1.338319759815931320e-02 3.328189258416869236e-04
3.381725773215293884e-02 2.083975470495027984e-03
3.639474883675575256e-02 2.407528355720992518e-03
4.054904729127883911e-02 2.977122531194878029e-03
1.606044359505176544e-02 4.793165521123884444e-04
4.519503563642501831e-02 3.681421661349976344e-03
4.480573907494544983e-02 3.620084278048785360e-03
5.691796541213989258e-02 5.772378654053334814e-03
2.438595145940780640e-02 1.093690151931377228e-03
9.258068352937698364e-02 1.475067322214581797e-02
8.698323369026184082e-02 1.309291354038127214e-02
5.829724296927452087e-02 6.048480784800576264e-03
4.739785939455032349e-02 4.039734218614378022e-03
3.938117250800132751e-02 2.811140676678672463e-03
6.067188456654548645e-02 6.535304166066994817e-03
4.716339334845542908e-02 4.001326437977801957e-03
3.910622373223304749e-02 2.773036084378350218e-03
3.362236544489860535e-02 2.060728043554117730e-03
9.278406947851181030e-02 1.481227120074577429e-02
6.536640971899032593e-02 7.552360094459879304e-03
9.054697304964065552e-02 1.413825120053538963e-02
1.006878092885017395e-01 1.730661044619722158e-02
3.898767381906509399e-02 2.756606492735758432e-03
4.786809161305427551e-02 4.119049774884165141e-03
2.701550163328647614e-02 1.338963234219065239e-03
2.589401416480541229e-02 1.231886403186072815e-03
1.097423769533634186e-02 2.252507150423430982e-04
8.333892375230789185e-02 1.206168455974587772e-02
7.289022952318191528e-02 9.322253790250902006e-03
2.338955365121364594e-02 1.007634207894909494e-03
4.958864301443099976e-02 4.412747786505683348e-03
9.562692046165466309e-02 1.569009420673313920e-02
6.294974684715270996e-02 7.020035322503693012e-03
8.749009668827056885e-02 1.323868090599435339e-02
5.317203328013420105e-02 5.055631595231991834e-03
4.962295666337013245e-02 4.418793821589338082e-03
2.153361588716506958e-02 8.558206094418274908e-04
7.199694961309432983e-02 9.102367119848192231e-03
2.342344634234905243e-02 1.010561419805260748e-03
5.068441852927207947e-02 4.605822478686944985e-03
2.669336833059787750e-02 1.306864219685583122e-03
9.168523550033569336e-02 1.447947558649354330e-02
5.997862294316291809e-02 6.392124560831262403e-03
8.405032008886337280e-02 1.226023942581175828e-02
8.351744711399078369e-02 1.211088745003272189e-02
3.825136646628379822e-02 2.654563152455144837e-03
3.180317208170890808e-02 1.846962201494582474e-03
4.031786695122718811e-02 2.943613225324518030e-03
2.006926387548446655e-02 7.447451110518220341e-04
3.117911331355571747e-02 1.776584295574976709e-03
4.218972474336624146e-02 3.217401266945040667e-03
4.782943055033683777e-02 4.112476514684599085e-03
3.515975549817085266e-02 2.250324680914397510e-03
4.983683675527572632e-02 4.456479307666622383e-03
3.647779673337936401e-02 2.418506471533758608e-03
2.735756710171699524e-02 1.373048391981123318e-03
5.976523086428642273e-02 6.348052607930000472e-03
2.801214531064033508e-02 1.438273922114660566e-03
4.715146496891975403e-02 3.999372455334317296e-03
2.542730048298835754e-02 1.188470505183530489e-03
3.146447613835334778e-02 1.808765941056850006e-03
5.123187601566314697e-02 4.702284011396599961e-03
2.977371774613857269e-02 1.622191242121100770e-03
9.990873932838439941e-02 1.705417359475243019e-02
4.327967017889022827e-02 3.382280159277837976e-03
2.720614150166511536e-02 1.357959568515065048e-03
8.228351175785064697e-02 1.177080206637820189e-02
6.478226929903030396e-02 7.421343064676863208e-03
4.946298152208328247e-02 4.390606340903486018e-03
1.065761875361204147e-02 2.129912854088150925e-04
4.940753057599067688e-02 4.380835932454869852e-03
7.824156433343887329e-02 1.068473859552694118e-02
5.767254903912544250e-02 5.923206274982013159e-03
3.159857541322708130e-02 1.823888917661890341e-03
5.162271484732627869e-02 4.773130818096176300e-03
3.058406710624694824e-02 1.709478266250644314e-03
3.896335884928703308e-02 2.753236730467864199e-03
1.007609888911247253e-01 1.733063959435067122e-02
9.114523231983184814e-02 1.431622346459519163e-02
3.905913233757019043e-02 2.766509783653905551e-03
6.243151426315307617e-02 6.908439224933385012e-03
3.436223044991493225e-02 2.150031640436624904e-03
5.866642296314239502e-02 6.122515188745530738e-03
4.075144231319427490e-02 3.006459440615840643e-03
4.190701246261596680e-02 3.174634641956538238e-03
2.748694084584712982e-02 1.385939855416987339e-03
4.142105206847190857e-02 3.103518550825480268e-03
7.026713341474533081e-02 8.684421175574221288e-03
1.819436997175216675e-02 6.134438857301412239e-04
6.332820653915405273e-02 7.102693491888515363e-03
7.106526196002960205e-02 8.877157124370649299e-03
3.519656509160995483e-02 2.254953684169946036e-03
7.739190012216567993e-02 1.046289804966387370e-02
3.469149395823478699e-02 2.191438287713714378e-03
3.314517065882682800e-02 2.003806596933143877e-03
6.721834838390350342e-02 7.971932231565621862e-03
1.950541324913501740e-02 7.036178158553580125e-04
9.190554916858673096e-02 1.454620033655584614e-02
7.542986422777175903e-02 9.958296940210052337e-03
4.531697556376457214e-02 3.700634459003566881e-03
4.874873906373977661e-02 4.268779876194337027e-03
3.572178259491920471e-02 2.321002594400695725e-03
6.842644512653350830e-02 8.250114147951128143e-03
5.018191412091255188e-02 4.517281639208692648e-03
5.048153176903724670e-02 4.570074008083752776e-03
3.681473806500434875e-02 2.463046804414808621e-03
6.767210364341735840e-02 8.076358289768390333e-03
4.415008798241615295e-02 3.516780199992024410e-03
7.604803144931793213e-02 1.011506609605996795e-02
1.835881546139717102e-02 6.243253502115146377e-04
3.875505551695823669e-02 2.724368394789669721e-03
3.219309076666831970e-02 1.890935080214930022e-03
5.295750498771667480e-02 5.016514775834359126e-03
8.440146595239639282e-02 1.235895788703220838e-02
1.896557025611400604e-02 6.644747076786431924e-04
3.223371133208274841e-02 1.895516043542467459e-03
1.056918874382972717e-01 1.897610530164947282e-02
5.023016408085823059e-02 4.525783240164451930e-03
6.607960164546966553e-02 7.712322125299903887e-03
6.669408828020095825e-02 7.851280371438895678e-03
2.486523054540157318e-02 1.136184120551402346e-03
3.652589768171310425e-02 2.424864944210133790e-03
9.412046521902084351e-03 1.653747608906807633e-04
5.281754955649375916e-02 4.990995478285438838e-03
5.411632359027862549e-02 5.233404527232659101e-03
2.502178959548473358e-02 1.150747978468149310e-03
8.146188408136367798e-02 1.154567637393639178e-02
5.082974955439567566e-02 4.631429678848005861e-03
7.727348059415817261e-02 1.043224766201519133e-02
1.002140566706657410e-01 1.715310354010083499e-02
4.072370380163192749e-02 3.002438777491443691e-03
6.795772165060043335e-02 8.142089676934707865e-03
1.706415787339210510e-02 5.389009865449476567e-04
2.692174166440963745e-02 1.329620510016017590e-03
2.711298502981662750e-02 1.348676979851318181e-03
1.645008847117424011e-02 5.024474072514541808e-04
5.020714551210403442e-02 4.521727388380508868e-03
3.815241903066635132e-02 2.640850228355629253e-03
6.510446220636367798e-02 7.493607808381574573e-03
3.931457549333572388e-02 2.801911131701937795e-03
8.599529415369033813e-02 1.280975180472305325e-02
2.915802970528602600e-02 1.556787697141305202e-03
2.307484857738018036e-02 9.804540575582803685e-04
4.483939707279205322e-02 3.625387416374028886e-03
3.505013138055801392e-02 2.236538861786674728e-03
6.726869195699691772e-02 7.983518170866073238e-03
4.906682670116424561e-02 4.322862011037292840e-03
3.304462507367134094e-02 1.991813171343741543e-03
1.266493927687406540e-02 2.994661467412694945e-04
6.018128618597984314e-02 6.433980682854488833e-03
5.983809009194374084e-02 6.363100253871881856e-03
2.108054049313068390e-02 8.197231040201632089e-04
8.643732219934463501e-02 1.293644521457630071e-02
5.497401952743530273e-02 5.395030151855315960e-03
6.991881132125854492e-02 8.602235216090195827e-03
4.255519434809684753e-02 3.272686808445857912e-03
3.745623677968978882e-02 2.547846630417325859e-03
4.394028708338737488e-02 3.483724068923838534e-03
7.744154334068298340e-02 1.047574714573177093e-02
3.019380569458007812e-02 1.666816505579716981e-03
5.211913958191871643e-02 4.863648280705614065e-03
8.455738425254821777e-02 1.240279156490108926e-02
3.974527865648269653e-02 2.861601408148216254e-03
4.146124795079231262e-02 3.109344894515010671e-03
5.780103057622909546e-02 5.948971631110180555e-03
4.889313876628875732e-02 4.293331110715015338e-03
2.363369427621364594e-02 1.028719914616912142e-03
2.879201807081699371e-02 1.517906873071738893e-03
6.066383421421051025e-02 6.533641523522746609e-03
3.985710814595222473e-02 2.877099629922372226e-03
3.290412202477455139e-02 1.975053481105509216e-03
2.636237815022468567e-02 1.275455820178219603e-03
3.461912646889686584e-02 2.182337688863163899e-03
4.386691004037857056e-02 3.472162816506315676e-03
3.981325030326843262e-02 2.871021460598039820e-03
7.601328939199447632e-02 1.010607385007998918e-02
2.277237549424171448e-02 9.545152907716065180e-04
2.138512022793292999e-02 8.439896361980697703e-04
3.193771466612815857e-02 1.862135172105123127e-03
3.378902003169059753e-02 2.080607179795966252e-03
5.516251549124717712e-02 5.430929871596877276e-03
8.794626593589782715e-02 1.337191373439637274e-02
4.298490658402442932e-02 3.337690500532084457e-03
6.729876995086669922e-02 7.990440242340976842e-03
6.938949227333068848e-02 8.477343356973102151e-03
4.222565889358520508e-02 3.222837119687682605e-03
5.281133577227592468e-02 4.989862464675504962e-03
4.055816680192947388e-02 2.978444393043995150e-03
3.763971105217933655e-02 2.572100126218453565e-03
7.688337564468383789e-02 1.033127725513854900e-02
1.538680773228406906e-02 4.393268730147954662e-04
3.797604888677597046e-02 2.616560682722987932e-03
4.344295337796211243e-02 3.406980435201820319e-03
6.203753501176834106e-02 6.824723814903010076e-03
1.766034960746765137e-02 5.781074125995229202e-04
6.115930899977684021e-02 6.638112336164468490e-03
4.884802922606468201e-02 4.285661462636720237e-03
7.401926070451736450e-02 9.601644824260570713e-03
3.529860824346542358e-02 2.267786156305963766e-03
3.097435645759105682e-02 1.753492946681473388e-03
8.517080545425415039e-02 1.257524410785042408e-02
7.318593561649322510e-02 9.395429476218656803e-03
3.778043761849403381e-02 2.590702795349707818e-03
4.608087241649627686e-02 3.823999156771546067e-03
1.542695518583059311e-02 4.417101840477246494e-04
5.811299011111259460e-02 6.011531191768039462e-03
4.371606931090354919e-02 3.448396422048382193e-03
1.586945913732051849e-02 4.679789621777888028e-04
4.981957003474235535e-02 4.453436926533983070e-03
1.860663294792175293e-02 6.407235936860044894e-04
3.332558274269104004e-02 2.025326775068348080e-03
4.126399755477905273e-02 3.080753692289158602e-03
3.651952371001243591e-02 2.424022367789031070e-03
3.982554376125335693e-02 2.872725185967129734e-03
1.272759027779102325e-02 3.023254473735975754e-04
5.657395720481872559e-02 5.705466358722740931e-03
2.618218213319778442e-02 1.258693140615783088e-03
2.536905370652675629e-02 1.183052116556078566e-03
6.448851525783538818e-02 7.356112803467693140e-03
5.929202958941459656e-02 6.250322156037086026e-03
4.046854376792907715e-02 2.965453644528450849e-03
7.432140409946441650e-02 9.677675946715208130e-03
4.467637836933135986e-02 3.599702266057188630e-03
8.901780843734741211e-02 1.368487792249911683e-02
5.620304122567176819e-02 5.633320290660048801e-03
3.568543121218681335e-02 2.316431213592311678e-03
3.763854876160621643e-02 2.571946482826645286e-03
5.822866410017013550e-02 6.034728155238587230e-03
4.718866944313049316e-02 4.005466904010296370e-03
2.342108450829982758e-02 1.010357435154660274e-03
8.172051608562469482e-02 1.161563461920842207e-02
4.555866867303848267e-02 3.738715511732229602e-03
4.924185946583747864e-02 4.352621563020010048e-03
4.584895819425582886e-02 3.786009389286371703e-03
8.296570926904678345e-02 1.195882277683829598e-02
4.319742694497108459e-02 3.369839010511581964e-03
3.122691065073013306e-02 1.781974615638619915e-03
3.692881017923355103e-02 2.478126016916612408e-03
1.433759462088346481e-02 3.829437744612513238e-04
9.744268655776977539e-02 1.626222327397952236e-02
3.011978976428508759e-02 1.658953912992135356e-03
1.986449584364891052e-02 7.298093197295285432e-04
4.910660535097122192e-02 4.329625286467141815e-03
5.672147125005722046e-02 5.734158997881764683e-03
2.891968563199043274e-02 1.531468791650026804e-03
8.588146418333053589e-02 1.277712603079273444e-02
4.385712370276451111e-02 3.470620885750320961e-03
2.978437766432762146e-02 1.623323627992674656e-03
6.572747230529785156e-02 7.633342930105841730e-03
1.927004009485244751e-02 6.864496852457047972e-04
3.044669330120086670e-02 1.693986006193209980e-03
5.927288532257080078e-02 6.246368282814091129e-03
3.825458884239196777e-02 2.655009735014012603e-03
7.594071328639984131e-02 1.008762497528969612e-02
4.355736821889877319e-02 3.424288266975069380e-03
7.391012459993362427e-02 9.574637909295323490e-03
5.565430596470832825e-02 5.526586977156231796e-03
9.107699245214462280e-02 1.429592322963593211e-02
3.344943374395370483e-02 2.040100151398295363e-03
4.766145348548889160e-02 4.083916592189064214e-03
5.936773866415023804e-02 6.265958382055946199e-03
3.542205691337585449e-02 2.283310486827405845e-03
3.765746578574180603e-02 2.574447127517679682e-03
5.971104279160499573e-02 6.336861123224477553e-03
5.250729620456695557e-02 4.934424271764991342e-03
4.787026345729827881e-02 4.119419037815014173e-03
8.313371241092681885e-02 1.200512618542216338e-02
4.433785751461982727e-02 3.546365079255507213e-03
6.917919218540191650e-02 8.427723436706238691e-03
7.215294241905212402e-02 9.140074112109732724e-03
7.921545952558517456e-02 1.094229362454683663e-02
4.986605048179626465e-02 4.461626740858025755e-03
7.880295068025588989e-02 1.083320208319154404e-02
2.285378240048885345e-02 9.613612229590206984e-04
1.925433054566383362e-02 6.853038298778275439e-04
6.511027365922927856e-02 7.494911260885729620e-03
3.385465964674949646e-02 2.088436900391938029e-03
2.423255331814289093e-02 1.080441606268760365e-03
1.166968569159507751e-01 2.288040569012976880e-02
5.584702640771865845e-02 5.564072615360528794e-03
5.992425605654716492e-02 6.380896145611105255e-03
5.935544893145561218e-02 6.263420178560585166e-03
3.390912339091300964e-02 2.094933524405167072e-03
1.755353622138500214e-02 5.710395017112240715e-04
3.657671436667442322e-02 2.431582410580830460e-03
2.752905152738094330e-02 1.390135979714869803e-03
2.827439457178115845e-02 1.464405783597147025e-03
1.732343807816505432e-02 5.558137586514239623e-04
5.054340511560440063e-02 4.580976037907270697e-03
5.362699925899505615e-02 5.141195450261919209e-03
3.644064813852310181e-02 2.413595792357115400e-03
4.358492046594619751e-02 3.428456167336315676e-03
3.713678196072578430e-02 2.505617842668161292e-03
1.712442189455032349e-02 5.426447289754071689e-04
3.167399391531944275e-02 1.832394200362366448e-03
3.633297607302665710e-02 2.399362603403795181e-03
9.268063306808471680e-02 1.478094419008919858e-02
6.951141357421875000e-02 8.506110464435973073e-03
7.807551324367523193e-02 1.064082494487156826e-02
5.934203043580055237e-02 6.260648851191597843e-03
2.633600123226642609e-02 1.273002115424507049e-03
5.004661530256271362e-02 4.493442105151234343e-03
5.893313139677047729e-02 6.176198766238188281e-03
3.981016576290130615e-02 2.870593980414522847e-03
4.586547240614891052e-02 3.788714575126025247e-03
3.975392505526542664e-02 2.862799694991142833e-03
6.166591867804527283e-02 6.745760230799868751e-03
8.119510859251022339e-02 1.147363298607058206e-02
2.102267555892467499e-02 8.151128784291722818e-04
6.054247543215751648e-02 6.508577244872133620e-03
3.307753801345825195e-02 1.995739140779917084e-03
2.493713609874248505e-02 1.142873112735027889e-03
7.772497832775115967e-02 1.054910829125405361e-02
4.207368008792400360e-03 3.427560761808115465e-05
4.153095558285713196e-02 3.119448930021821633e-03
6.540458649396896362e-02 7.560922774756404299e-03
4.435673356056213379e-02 3.549339180184561595e-03
7.822487503290176392e-02 1.068032496527306953e-02
8.174604177474975586e-02 1.162266976390700403e-02
5.301171913743019104e-02 5.026400115801603861e-03
8.145909756422042847e-02 1.154492386801387119e-02
3.361952677369117737e-02 2.060389437022100943e-03
5.658692866563796997e-02 5.707989409623082100e-03
6.769789010286331177e-02 8.082292718644941767e-03
8.758831024169921875e-02 1.326736602577999018e-02
5.668997764587402344e-02 5.728033244776799954e-03
4.203175380825996399e-02 3.193504591063666982e-03
1.809016615152359009e-02 6.065486515033559779e-04
1.531635783612728119e-02 4.351446895897716715e-04
8.350590616464614868e-02 1.210770664468009510e-02
4.621944949030876160e-02 3.846699406726263645e-03
6.204964965581893921e-02 6.827298017454294828e-03
4.155168682336807251e-02 3.122453897828331073e-03
3.026480413973331451e-02 1.674358555600122256e-03
6.230200454592704773e-02 6.880920113095926292e-03
1.371871400624513626e-02 3.504402184109772236e-04
2.701954729855060577e-02 1.339366365056600654e-03
4.887704551219940186e-02 4.290594891398950318e-03
4.093990474939346313e-02 3.033776838878430009e-03
8.319982886314392090e-02 1.202334856547330674e-02
3.342722356319427490e-02 2.037450844122859397e-03
7.225039601325988770e-02 9.163920035713047849e-03
2.913252823054790497e-02 1.554078716717101653e-03
2.977723628282546997e-02 1.622565010583690900e-03
4.029133915901184082e-02 2.939768054479926368e-03
7.160119712352752686e-02 9.006704784845267694e-03
2.632331289350986481e-02 1.271821786578924843e-03
1.007807031273841858e-01 1.733713001552954214e-02
5.266419053077697754e-02 4.963032186151062480e-03
2.092272415757179260e-02 8.071495321522725039e-04
8.800736814737319946e-02 1.338975978714724603e-02
2.178586646914482117e-02 8.759179638127005847e-04
3.465232625603675842e-02 2.186512739669099672e-03
6.858881562948226929e-03 8.945972309755420375e-05
1.783284917473793030e-02 5.895218206100794230e-04
6.166156753897666931e-02 6.744835670965951442e-03
1.953583396971225739e-02 7.058367048603582817e-04
4.872396215796470642e-02 4.264567238538977990e-03
4.064248129725456238e-02 2.990665675409624486e-03
6.464046239852905273e-02 7.389537152482529916e-03
9.091394394636154175e-02 1.424741898879648867e-02
6.150659918785095215e-02 6.711906934209832878e-03
5.009289830923080444e-02 4.501597130651106664e-03
4.156839102506637573e-02 3.124875151313396323e-03
4.896233603358268738e-02 4.305096220389996627e-03
1.310789957642555237e-02 3.196822110669231146e-04
3.756532818078994751e-02 2.562267441589489384e-03
3.804928809404373169e-02 2.626557521350208080e-03
4.797294735908508301e-02 4.136877637173354619e-03
1.865075528621673584e-02 6.436431973676161235e-04
9.651354700326919556e-02 1.596806388809882821e-02
6.209120899438858032e-02 6.836128830388530850e-03
1.781844720244407654e-02 5.885688327822247243e-04
7.333154231309890747e-02 9.431461435473560348e-03
7.923971861600875854e-02 1.094870915138014197e-02
5.325161293148994446e-02 5.070457036997480169e-03
1.668243110179901123e-02 5.162401812899398241e-04
1.476564723998308182e-02 4.054250607841423156e-04
3.173746168613433838e-02 1.839551745502796898e-03
1.022591665387153625e-01 1.782387726309211592e-02
2.973166666924953461e-02 1.617724224221983066e-03
7.338413596153259277e-02 9.444476305267367200e-03
2.781186252832412720e-02 1.418316718414461578e-03
2.686078660190105438e-02 1.323546634943114026e-03
4.003151878714561462e-02 2.902107411233745098e-03
6.429225206375122070e-02 7.313247587743325513e-03
5.942109599709510803e-02 6.276978293745565096e-03
3.842540085315704346e-02 2.678682224596897008e-03
3.545047342777252197e-02 2.286884015501965475e-03
7.370240241289138794e-02 9.523234796977527589e-03
6.283248215913772583e-02 6.994423917512202979e-03
4.405999928712844849e-02 3.502585867494031804e-03
5.798237770795822144e-02 5.985338517257044258e-03
6.070731207728385925e-02 6.542621024278841291e-03
6.114481762051582336e-02 6.635033108635409946e-03
5.805630236864089966e-02 6.000163178076649978e-03
3.504902124404907227e-02 2.236399256182975467e-03
8.384724706411361694e-02 1.220314902948193420e-02
6.320636719465255737e-02 7.076082950823273446e-03
4.830855876207351685e-02 4.193939210827137692e-03
3.801112994551658630e-02 2.621269261060635639e-03
5.102004110813140869e-02 4.664958885026288665e-03
5.585175752639770508e-02 5.564992855062836016e-03
4.992765933275222778e-02 4.472482166785013598e-03
3.319529071450233459e-02 2.009785090741214499e-03
7.131319493055343628e-02 8.937088135570309469e-03
6.646896153688430786e-02 7.799651771985328420e-03
6.796203553676605225e-02 8.143082463504926552e-03
5.711327120661735535e-02 5.811050140692186963e-03
1.393750775605440140e-02 3.619312471201751409e-04
5.579918250441551208e-02 5.554766600796174139e-03
8.619777113199234009e-02 1.286778544998619725e-02
7.857418060302734375e-02 1.077270185241247132e-02
5.232844874262809753e-02 4.901813450182672914e-03
7.592179626226425171e-02 1.008283588638038061e-02
3.246247023344039917e-02 1.922371725983182834e-03
7.050551474094390869e-02 8.741853551049496782e-03
3.865778073668479919e-02 2.710887280596433174e-03
4.212671145796775818e-02 3.207869082708902572e-03
5.897472053766250610e-02 6.184788188433461634e-03
1.106413733214139938e-02 2.287316131386136955e-04
2.584690228104591370e-02 1.227503834558457945e-03
4.456063732504844666e-02 3.581466161505225589e-03
2.834745869040489197e-02 1.471686267129911118e-03
2.858405932784080505e-02 1.495815752085612269e-03
5.201034620404243469e-02 4.843811032825216453e-03
7.657127082347869873e-02 1.025049553004711220e-02
9.924338757991790771e-02 1.683858409819313437e-02
5.835481360554695129e-02 6.060025851737997106e-03
5.699697881937026978e-02 5.787747381680055821e-03
2.162614837288856506e-02 8.631928745197019193e-04
5.882467143237590790e-03 6.527369917153289501e-05
5.591393262147903442e-02 5.577086398867172126e-03
1.652677915990352631e-02 5.070000687137717239e-04
1.135283187031745911e-01 2.172340027588700109e-02
1.499641779810190201e-02 4.175451104240096318e-04
4.722944274544715881e-02 4.012145960860060735e-03
6.739180535078048706e-02 8.011851167906277812e-03
7.203334569931030273e-02 9.111164877750356494e-03
6.514646112918853760e-02 7.503027759363524972e-03
1.075556278228759766e-01 1.961477719362506381e-02
2.465422824025154114e-02 1.116860427346187635e-03
3.143981471657752991e-02 1.805984761927329017e-03
2.567346580326557159e-02 1.211369959074209491e-03
3.821649029850959778e-02 2.649729735211077755e-03
8.013771474361419678e-02 1.118808113304863711e-02
7.740814238786697388e-02 1.046710201625970435e-02
4.506922140717506409e-02 3.661598430507868353e-03
3.161896020174026489e-02 1.826187801679524580e-03
8.750337362289428711e-02 1.324255868504593987e-02
3.612069785594940186e-02 2.371301509187725108e-03
1.314583234488964081e-02 3.214134074926447643e-04
9.177151322364807129e-02 1.450560587414053207e-02
3.891925141215324402e-02 2.747123970355734753e-03
6.024075672030448914e-02 6.446263156513155554e-03
3.041674569249153137e-02 1.690608680056923012e-03
9.206332266330718994e-02 1.459398401282636579e-02
3.931352123618125916e-02 2.801765024344528027e-03
7.187300920486450195e-02 9.072407917657300189e-03
6.374276429414749146e-02 7.193235723614259738e-03
9.417292475700378418e-02 1.523863648047826813e-02
3.482688963413238525e-02 2.208465018138055461e-03
1.104703173041343689e-01 2.063157798923273556e-02
4.806466028094291687e-02 4.152470920354423001e-03
6.750892847776412964e-02 8.038805580486283603e-03
2.979189716279506683e-02 1.624122412155446686e-03
2.718344703316688538e-02 1.355698175271726402e-03
2.500730007886886597e-02 1.149400095601181560e-03
4.985843226313591003e-02 4.460284417359374615e-03
4.523039609193801880e-02 3.686993038105173918e-03
1.419422961771488190e-02 3.754142569647937028e-04
4.926762357354164124e-02 4.357002047462118881e-03
3.275659307837486267e-02 1.957455717482259674e-03
8.291973173618316650e-02 1.194615089186020114e-02
3.153518587350845337e-02 1.816740194993018758e-03
3.766344115138053894e-02 2.575237012134540086e-03
7.631895691156387329e-02 1.018518941593344468e-02
4.545602202415466309e-02 3.722542553966456599e-03
4.484666138887405396e-02 3.626531978602498627e-03
4.227620363235473633e-02 3.230483154314695276e-03
6.345166265964508057e-02 7.129657147820212849e-03
7.395584881305694580e-02 9.585952862677472874e-03
5.110086873173713684e-02 4.679200641970165941e-03
3.589333966374397278e-02 2.342576813399230642e-03
4.126431420445442200e-02 3.080799590270030721e-03
6.599998474121093750e-02 7.694464825992982163e-03
4.888024553656578064e-02 4.291138968341658491e-03
4.670976474881172180e-02 3.927017735136705510e-03
7.275238633155822754e-02 9.288142994662971011e-03
4.802101850509643555e-02 4.145050825611898242e-03
5.323941260576248169e-02 5.068157987671401479e-03
4.130385816097259521e-02 3.086531438116589011e-03
3.175514936447143555e-02 1.841546464310495545e-03
4.724363237619400024e-02 4.014470358077123525e-03
7.336477935314178467e-02 9.439686302189833136e-03
2.506183087825775146e-02 1.154472806594027384e-03
5.540388822555541992e-02 5.477878762172931799e-03
7.405225932598114014e-02 9.609810691708759595e-03
9.568039327859878540e-02 1.570685867428519081e-02
8.470752835273742676e-02 1.244500192837476836e-02
8.901132643222808838e-02 1.368298473070625465e-02
3.341469168663024902e-02 2.035955998488078126e-03
7.151424139738082886e-02 8.985685617501119882e-03
6.201954931020736694e-02 6.820902089836097110e-03
1.081337183713912964e-01 1.981399825465918196e-02
5.015026405453681946e-02 4.511704925054884317e-03
6.474041938781738281e-02 7.411956535553994307e-03
4.077227041125297546e-02 3.009478447804734592e-03
6.537543982267379761e-02 7.554385459120181376e-03
7.412479072809219360e-02 9.627900733155567506e-03
1.510937046259641647e-02 4.234773745385848908e-04
3.678892552852630615e-02 2.459634640755065365e-03
6.421045958995819092e-02 7.295383555467032516e-03
4.554394260048866272e-02 3.736395278660874751e-03
3.980427980422973633e-02 2.869778257359018991e-03
7.163988053798675537e-02 9.016055441759913622e-03
1.236175298690795898e-01 2.549584514219506784e-02
6.331675499677658081e-02 7.100192397189238058e-03
7.215201109647750854e-02 9.139848990361978953e-03
9.837763011455535889e-02 1.656027044978053073e-02
6.520104408264160156e-02 7.515270186344856322e-03
4.642330482602119446e-02 3.880092860260553680e-03
6.569210439920425415e-02 7.625410251852991587e-03
7.258081436157226562e-02 9.245685646368342545e-03
2.573854662477970123e-02 1.217424082659741618e-03
7.677587866783142090e-02 1.030345393860430947e-02
9.086547791957855225e-02 1.423300114531903665e-02
2.012629806995391846e-02 7.489051882826026300e-04
7.839255034923553467e-02 1.072466815672993429e-02
6.002949178218841553e-02 6.402630522858892767e-03
4.563126713037490845e-02 3.750349511161855508e-03
7.030530273914337158e-02 8.693457778204672498e-03
3.697765246033668518e-02 2.484582486499942264e-03
2.220217883586883545e-02 9.090864786179548695e-04
3.945903107523918152e-02 2.821930937349576268e-03
2.053051628172397614e-02 7.783888865217723080e-04
1.777225732803344727e-02 5.855124188977006532e-04
2.888828143477439880e-02 1.528132774562007386e-03
9.926660358905792236e-02 1.684610662704219552e-02
6.013378873467445374e-02 6.424171014904851880e-03
5.224858224391937256e-02 4.887250693118303305e-03
8.204285800457000732e-02 1.170447539569396088e-02
5.290840938687324524e-02 5.007562745639325581e-03
6.772111356258392334e-02 8.087637305414145314e-03
7.151052355766296387e-02 8.984786931484092798e-03
7.268110662698745728e-02 9.270504057233114673e-03
3.888762742280960083e-02 2.742741265913854233e-03
5.702800303697586060e-02 5.793950681838128461e-03
9.155681729316711426e-02 1.444058252622726531e-02
3.747548535466194153e-02 2.550391102870766969e-03
7.487465441226959229e-02 9.817738406758582878e-03
7.623157650232315063e-02 1.016257284701789498e-02
5.485948175191879272e-02 5.373446466182145442e-03
4.100863635540008545e-02 3.043739400608906024e-03
5.695553869009017944e-02 5.779686951405673886e-03
2.697318606078624725e-02 1.334746693534383287e-03
2.203783020377159119e-02 8.959924644289541393e-04
3.879290074110031128e-02 2.729613287524392841e-03
6.359995156526565552e-02 7.162044452829782575e-03
5.196846276521682739e-02 4.836174059194230622e-03
4.524262249469757080e-02 3.688919424378936645e-03
7.452575862407684326e-02 9.729410933168420109e-03
5.905693024396896362e-02 6.201766992536409881e-03
1.761198788881301880e-02 5.749072863757232008e-04
5.091447383165359497e-02 4.646358022774567560e-03
5.527557432651519775e-02 5.452920702089255646e-03
2.420217171311378479e-02 1.077817636524325447e-03
1.358615793287754059e-02 3.434783849675015414e-04
7.862924039363861084e-02 1.078726289150894885e-02
3.032498992979526520e-02 1.680751994754812670e-03
7.215041667222976685e-02 9.139463581929827690e-03
7.303255796432495117e-02 9.357474509569656609e-03
5.030872672796249390e-02 4.539625910219733176e-03
2.919479459524154663e-02 1.560693171950517993e-03
4.750172421336174011e-02 4.056758982093012535e-03
5.996226519346237183e-02 6.388746188127979175e-03
8.041443675756454468e-02 1.126281060488922535e-02
8.171125501394271851e-02 1.161308217178859230e-02
6.096708122640848160e-03 7.058050061688334791e-05
9.561200626194477081e-03 1.705381687102428510e-04
2.566346526145935059e-02 1.210439661720725743e-03
3.401718288660049438e-02 2.107823235263699569e-03
2.394217252731323242e-02 1.055362272613669713e-03
3.618449717760086060e-02 2.379735152547050089e-03
1.931578479707241058e-02 6.897863063009216505e-04
3.974308818578720093e-02 2.861297835264269267e-03
2.721909061074256897e-02 1.359249884160804557e-03
2.735385112464427948e-02 1.372678112965983795e-03
5.991243571043014526e-02 6.378454884716658856e-03
8.678039908409118652e-02 1.303477739235934553e-02
4.055305570363998413e-02 2.977703545635094779e-03
2.754174917936325073e-02 1.391401238885900653e-03
2.818606980144977570e-02 1.455604650454839612e-03
4.635782539844512939e-02 3.869366703819410690e-03
1.860608160495758057e-02 6.406871109652278106e-04
1.962570101022720337e-02 7.123916116583161630e-04
2.383360452950000763e-02 1.045985574404247618e-03
1.977857761085033417e-02 7.235424391800768327e-04
2.607829868793487549e-02 1.249029414782574848e-03
1.465487033128738403e-01 3.500910443632983954e-02
4.256104305386543274e-02 3.273571557440876304e-03
4.741805046796798706e-02 4.043041709534955785e-03
3.433947265148162842e-02 2.147169725560787654e-03
4.064183682203292847e-02 2.990572259519143523e-03
1.927480101585388184e-02 6.867969470811677649e-04
4.416939616203308105e-02 3.519822387699798188e-03
8.728991448879241943e-02 1.318081392698421464e-02
8.390396088361740112e-02 1.221909311874164357e-02
4.518227279186248779e-02 3.679410753557803108e-03
4.999834671616554260e-02 4.484937222230931178e-03
4.009563475847244263e-02 2.911400942395979581e-03
3.559534251689910889e-02 2.305102078309553566e-03
3.043800219893455505e-02 1.693005871614785152e-03
8.482924103736877441e-02 1.247921930122639772e-02
6.163796782493591309e-02 6.739821042072227653e-03
4.472738876938819885e-02 3.607739440721002225e-03
3.101679496467113495e-02 1.758278927443332040e-03
4.897132143378257751e-02 4.306623942841466234e-03
6.273414194583892822e-02 6.972945746441443736e-03
7.051232457160949707e-02 8.743499641269062220e-03
6.231826916337013245e-02 6.884376130420313648e-03
4.329273477196693420e-02 3.384256474389639967e-03
4.528954997658729553e-02 3.696313296374851426e-03
5.210244283080101013e-02 4.860603816077483166e-03
6.868872791528701782e-02 8.311999291193330336e-03
3.966157510876655579e-02 2.850001103506372320e-03
2.502692677080631256e-02 1.151225862636692408e-03
4.989340156316757202e-02 4.466445977594991380e-03
1.873636245727539062e-02 6.493078792828000084e-04
3.865547478199005127e-02 2.710567703019625251e-03
8.602907508611679077e-02 1.281943404447956868e-02
5.188625678420066833e-02 4.821184723864250718e-03
2.025613747537136078e-02 7.583756815394941545e-04
1.007556393742561340e-01 1.732887839918573203e-02
1.577511616051197052e-02 4.623783913409203325e-04
3.287395695224404335e-03 2.157912798509317698e-05
2.691275067627429962e-02 1.328724601842544428e-03
3.508958965539932251e-02 2.241500950895345106e-03
3.963425382971763611e-02 2.846214702943673444e-03
7.052666693925857544e-02 8.746966516184449467e-03
7.342296093702316284e-02 9.454083967329347110e-03
8.062554150819778442e-02 1.131981997068797104e-02
2.350663021206855774e-02 1.017745765634254802e-03
6.391624361276626587e-02 7.231124786059259582e-03
3.539495170116424561e-02 2.279901861416276394e-03
7.884563505649566650e-02 1.084449033663995032e-02
2.381041087210178375e-02 1.043982406526269401e-03
3.205201402306556702e-02 1.875025223170374324e-03
5.045929178595542908e-02 4.566155342417764842e-03
7.937542349100112915e-02 1.098459748238193520e-02
4.553786292672157288e-02 3.735437368118894180e-03
5.208158493041992188e-02 4.856800612718958562e-03
6.214905902743339539e-02 6.848421201673555829e-03
3.508665412664413452e-02 2.241131792453348107e-03
8.534350246191024780e-02 1.262379482316187788e-02
3.562908992171287537e-02 2.309345994966978139e-03
1.011732295155525208e-01 1.746635955044551977e-02
6.819654256105422974e-02 8.197051301670046919e-03
8.645875006914138794e-02 1.294258683820659166e-02
6.574350595474243164e-02 7.636939122142945638e-03
1.098418906331062317e-01 2.041047088085808439e-02
2.019982039928436279e-02 7.542679109623337584e-04
4.543638601899147034e-02 3.719448714219654537e-03
3.632266074419021606e-02 2.397999018301496220e-03
3.341608867049217224e-02 2.036122635560920751e-03
4.790256544947624207e-02 4.124911111354274094e-03
6.002218648791313171e-02 6.401121757458952399e-03
5.176246166229248047e-02 4.798612076818863613e-03
3.505117446184158325e-02 2.236670034837130640e-03
7.071854174137115479e-02 8.793346999143395251e-03
7.334318757057189941e-02 9.434343180974016571e-03
3.591132536530494690e-02 2.344838611569232453e-03
