# det_z, det_zpdf, Ntot_bin
3.744312524795532227e-01 1.789181352227109945e-01
7.571104764938354492e-01 4.725491096697153615e-01
6.326640248298645020e-01 3.806987218870822587e-01
2.524050474166870117e-01 9.294238551667861892e-02
7.302467226982116699e-01 4.533714527430479091e-01
4.213382899761199951e-01 2.149407794510158898e-01
6.844950914382934570e-01 4.198437893280610456e-01
3.548197150230407715e-01 1.642131456868461958e-01
4.283085167407989502e-01 2.203717043081587224e-01
4.908700883388519287e-01 2.696200645325956269e-01
3.195265233516693115e-01 1.384662488407552572e-01
2.857259213924407959e-01 1.148895986159445826e-01
3.931791782379150391e-01 1.931901152512001396e-01
4.601243734359741211e-01 2.453318731526652474e-01
1.052790641784667969e+00 6.541728872252546845e-01
4.051642417907714844e-01 2.024067474974508007e-01
4.474256932735443115e-01 2.353407855364214318e-01
3.980087339878082275e-01 1.968962252317365269e-01
3.351326584815979004e-01 1.497253780182472016e-01
8.806188106536865234e-01 5.552538463354491638e-01
3.581722676753997803e-01 1.667089739297748507e-01
5.457005500793457031e-01 3.129785368932735956e-01
5.025269985198974609e-01 2.788464969146491890e-01
2.582655847072601318e-01 9.669725181130048308e-02
5.265347957611083984e-01 2.978437886942059687e-01
5.553317070007324219e-01 3.205656450701312998e-01
3.956970572471618652e-01 1.951209261908470327e-01
1.008802279829978943e-01 1.736989609493519784e-02
3.006374835968017578e-01 1.251435033486945902e-01
6.719604730606079102e-01 4.104822547818695599e-01
5.976287722587585449e-01 3.536629605667256371e-01
3.746245205402374268e-01 1.790643418167992551e-01
6.659934520721435547e-01 4.060010582253120726e-01
4.191454052925109863e-01 2.132356408064490783e-01
2.331353127956390381e-01 8.094413606673216133e-02
6.627158522605895996e-01 4.035330952411250727e-01
3.968245089054107666e-01 1.959863789331384720e-01
1.573291867971420288e-01 3.990662817521702099e-02
3.538157641887664795e-01 1.634672832971216794e-01
6.576002240180969238e-01 3.996719323728241124e-01
4.624768495559692383e-01 2.471860946814466720e-01
2.639037370681762695e-01 1.003539343048577281e-01
3.619456291198730469e-01 1.695272221670625634e-01
1.923830807209014893e-01 5.754200745764334601e-02
3.949991464614868164e-01 1.945853805250452873e-01
2.996778786182403564e-01 1.244763695812813181e-01
2.973225414752960205e-01 1.228430419716851768e-01
2.284479290246963501e-01 7.811053077236637665e-02
3.257427215576171875e-01 1.429253736157465593e-01
1.943940669298171997e-01 5.862789598052952494e-02
2.189072370529174805e-01 7.245207248699432612e-02
2.159509360790252686e-01 7.072941792325133925e-02
2.798004448413848877e-01 1.108849994091465618e-01
5.578549504280090332e-01 3.225508358605471138e-01
9.781084209680557251e-02 1.637958620767615212e-02
2.971919178962707520e-01 1.227526153241105950e-01
1.454328447580337524e-01 3.451783246746724376e-02
5.808475613594055176e-01 3.405822328382668296e-01
4.595654010772705078e-01 2.448914259804429172e-01
6.657193303108215332e-01 4.057948330271012871e-01
5.430201888084411621e-01 3.108645636440101612e-01
5.045433640480041504e-01 2.804426568674468490e-01
1.942613571882247925e-01 5.855590165171455780e-02
2.867961227893829346e-01 1.156168487560368663e-01
4.143991768360137939e-01 2.095508863813465850e-01
4.689305424690246582e-01 2.522772130655858147e-01
1.574109047651290894e-01 3.994463121817828921e-02
1.200546324253082275e-01 2.413409902386795189e-02
3.729562163352966309e-01 1.778037944107951907e-01
3.275268375873565674e-01 1.442115227642426778e-01
3.414694964885711670e-01 1.543559094532931109e-01
4.621285796165466309e-01 2.469115153321646827e-01
7.549976110458374023e-01 4.710551791625099405e-01
3.477554619312286377e-01 1.589803593883013233e-01
3.947205841541290283e-01 1.943718055238056186e-01
4.848281443119049072e-01 2.648399938667164721e-01
2.975758314132690430e-01 1.230183867304660006e-01
1.779107898473739624e-01 4.995801660908527619e-02
3.598567545413970947e-01 1.679658796865619308e-01
2.244135737419128418e-01 7.569950122027030437e-02
5.488669872283935547e-01 3.154745669116039153e-01
2.807179987430572510e-01 1.115023653839285755e-01
2.628740072250366211e-01 9.968326520468089036e-02
5.955004096031188965e-01 3.520081641773443182e-01
3.942759037017822266e-01 1.940308669773739281e-01
3.915786743164062500e-01 1.919644948157819553e-01
2.358753830194473267e-01 8.261613891335595206e-02
2.479559928178787231e-01 9.012415654170104207e-02
4.183814227581024170e-01 2.126419233487152893e-01
2.669581174850463867e-01 1.023527812897442602e-01
2.662156820297241211e-01 1.018655379590552579e-01
1.689081639051437378e-01 4.545126784843987744e-02
2.017415165901184082e-01 6.265875289358262268e-02
2.316810637712478638e-01 8.006092623428878730e-02
4.385181665420532227e-01 2.283537481985100370e-01
4.936334788799285889e-01 2.718069281132935444e-01
3.147275447845458984e-01 1.350484642330845864e-01
4.248847961425781250e-01 2.177020767665555911e-01
2.093213349580764771e-01 6.691978913344948099e-02
3.672678172588348389e-01 1.735182468016565616e-01
4.329003095626831055e-01 2.239578272524272440e-01
3.061357140541076660e-01 1.289846165945207068e-01
3.458087444305419922e-01 1.575448548806495097e-01
2.195422053337097168e-01 7.282425937469579058e-02
2.986898422241210938e-01 1.237903742630082904e-01
1.075052693486213684e-01 1.959742270011392146e-02
2.898498773574829102e-01 1.177007215132778589e-01
4.367116987705230713e-01 2.269392334025288338e-01
2.752753496170043945e-01 1.078549847299239278e-01
3.085396587848663330e-01 1.306740446094026287e-01
4.100697338581085205e-01 2.061973331256111708e-01
4.199149012565612793e-01 2.138336530078659148e-01
2.521317899227142334e-01 9.276866453265736334e-02
4.234706461429595947e-01 2.166004471896495476e-01
1.685979664325714111e-01 4.529938565504044307e-02
3.141157627105712891e-01 1.346142947429166403e-01
1.263900846242904663e-01 2.657884224801600193e-02
7.431105971336364746e-01 4.626041108951636227e-01
5.883799791336059570e-01 3.464629000079695875e-01
3.768559694290161133e-01 1.807531529977015050e-01
5.753254294395446777e-01 3.362621757052511873e-01
6.738855838775634766e-01 4.119246463368509414e-01
3.043782711029052734e-01 1.277535087329477459e-01
4.818783402442932129e-01 2.625071604979454243e-01
2.275192290544509888e-01 7.755328370261103943e-02
4.199141263961791992e-02 3.187402077135606700e-03
3.808468282222747803e-01 1.837805527394552052e-01
2.595420181751251221e-01 9.752177043940823964e-02
5.113314986228942871e-01 2.858158720938394626e-01
3.203499913215637207e-01 1.390550692476415218e-01
4.064098298549652100e-01 2.033682234323104243e-01
2.165886163711547852e-01 7.109912267843249145e-02
1.002151966094970703e-01 1.715347290688963924e-02
1.903097033500671387e-01 5.643034611909212434e-02
2.746269106864929199e-01 1.074231898682441871e-01
5.108879208564758301e-01 2.854647828211586691e-01
4.515500664710998535e-01 2.385821938482769466e-01
4.614311456680297852e-01 2.463617358850968553e-01
4.758626520633697510e-01 2.577519889182356416e-01
3.650846481323242188e-01 1.718787823101060597e-01
4.150744974613189697e-01 2.100747533524091049e-01
1.630327105522155762e-01 4.260187406800685500e-02
4.498476088047027588e-01 2.372437374750237804e-01
6.300266981124877930e-01 3.786779705297109166e-01
3.347282707691192627e-01 1.494308457872162710e-01
5.250837206840515137e-01 2.966963898573698466e-01
5.627885460853576660e-01 3.264291014065851537e-01
6.643867492675781250e-02 7.792858779127136669e-03
5.153391957283020020e-01 2.889876532219757266e-01
5.359903573989868164e-01 3.053157861472083900e-01
5.116737484931945801e-01 2.860867522977052491e-01
3.988566696643829346e-01 1.975478751551785206e-01
2.840313017368316650e-01 1.137401685576707594e-01
5.264871716499328613e-01 2.978061372807829232e-01
5.328629016876220703e-01 3.028453456084444495e-01
3.789083063602447510e-01 1.823088974955416608e-01
1.965182870626449585e-01 5.978317146379911323e-02
5.059499144554138184e-01 2.815560776567075374e-01
8.230679631233215332e-01 5.178804580315865547e-01
8.889877051115036011e-02 1.365011065206859532e-02
2.444943636655807495e-01 8.795073984562289116e-02
2.608913183212280273e-01 9.839523400358825278e-02
4.294851720333099365e-01 2.212899426268464531e-01
1.160330474376678467e-01 2.263507752678577470e-02
3.318635523319244385e-01 1.473493844297404098e-01
1.678058207035064697e-01 4.491152681845910627e-02
8.349805325269699097e-02 1.210554230068934534e-02
2.748704552650451660e-01 1.075853659694321063e-01
3.292054235935211182e-01 1.454240941763389194e-01
4.180505275726318359e-01 2.123847731660268301e-01
5.148463249206542969e-01 2.885976277579195837e-01
4.373560845851898193e-01 2.274437088838404120e-01
1.285746693611145020e-01 2.744485058070096628e-02
2.785423099994659424e-01 1.100402102930724130e-01
6.807176023721694946e-02 8.168334221397149930e-03
3.423154354095458984e-01 1.549764101542025763e-01
5.646350383758544922e-01 3.278794184910215903e-01
5.211322903633117676e-01 2.935711715472752448e-01
4.371798336505889893e-01 2.273056848152394671e-01
1.297585666179656982e-01 2.791910811422058589e-02
2.468805760145187378e-01 8.944661433527022198e-02
1.430897861719131470e-01 3.349433308854705277e-02
6.322726607322692871e-01 3.803989334006607770e-01
7.212826609611511230e-01 4.468858057690427987e-01
4.330402612686157227e-01 2.240671991810265495e-01
4.963959753513336182e-01 2.739933684511465795e-01
8.539507538080215454e-02 1.263829363896005163e-02
2.223583757877349854e-01 7.448130625745530420e-02
6.682881712913513184e-02 7.882286519192347601e-03
5.864391922950744629e-01 3.449490826756562711e-01
5.784260630607604980e-01 3.386887176134991129e-01
5.189756751060485840e-01 2.918650665154894908e-01
2.578944563865661621e-01 9.645837639389345797e-02
4.611460566520690918e-01 2.461370582054206724e-01
3.946028053760528564e-01 1.942815039933788457e-01
8.031424880027770996e-02 1.123575459649310201e-02
3.541283309459686279e-01 1.636994976451915662e-01
2.494972646236419678e-01 9.109729367765534436e-02
2.975999414920806885e-01 1.230350773893498367e-01
6.319187283515930176e-01 3.801278179525385825e-01
4.110284149646759033e-01 2.069393441232758590e-01
6.511632204055786133e-01 3.947977816908080917e-01
4.129768311977386475e-01 2.084484206605173029e-01
3.333660364151000977e-01 1.484403091755928383e-01
3.419955372810363770e-01 1.547414706505054194e-01
5.885182619094848633e-01 3.465707375087045405e-01
2.184775769710540771e-01 7.220029833075794490e-02
3.897530734539031982e-01 1.905680697771047760e-01
4.462336599826812744e-01 2.344045971354630220e-01
1.604914516210556030e-01 4.139260217128699210e-02
3.427076339721679688e-01 1.552644566841880902e-01
3.520581424236297607e-01 1.621633233318821032e-01
9.421887993812561035e-01 5.928729692966960840e-01
9.167955070734024048e-02 1.447775387583079276e-02
2.129058986902236938e-01 6.896981957835113253e-02
1.804480552673339844e-01 5.125711746647836076e-02
4.387480616569519043e-01 2.285337816217747620e-01
3.356591463088989258e-01 1.501088407932042457e-01
4.681183695793151855e-01 2.516361998114016174e-01
4.787980318069458008e-01 2.600718282147512217e-01
5.528742671012878418e-01 3.186312180198608290e-01
2.290841341018676758e-01 7.849327068620076675e-02
4.504957795143127441e-01 2.377532092737517644e-01
1.751739233732223511e-01 4.857022119077335914e-02
2.652909159660339355e-01 1.012603881892035346e-01
1.682483553886413574e-01 4.512820536866212623e-02
3.679170608520507812e-01 1.740063826581468576e-01
4.508784115314483643e-01 2.380540723716805529e-01
9.409525245428085327e-02 1.521469741638779849e-02
2.291574031114578247e-01 7.853734920022638344e-02
1.841698586940765381e-01 5.318714237297696157e-02
3.969460129737854004e-01 1.960796477029389806e-01
2.101150155067443848e-01 6.737215814542414638e-02
4.445939958095550537e-01 2.331174140808160156e-01
3.886005878448486328e-01 1.896875002843397273e-01
2.964563965797424316e-01 1.222434367564307761e-01
5.961595177650451660e-01 3.525207915227197009e-01
4.500368833541870117e-01 2.373924868205957994e-01
7.197040319442749023e-01 4.457393645610723265e-01
8.577681183815002441e-01 5.406659831240888670e-01
6.933438181877136230e-01 4.264088181761315210e-01
4.338058531284332275e-01 2.246658434417973249e-01
2.160685956478118896e-01 7.079763283064280377e-02
4.046445190906524658e-01 2.020056163247523906e-01
7.829597592353820801e-01 4.906208222432627553e-01
2.208318263292312622e-01 7.358153069229990406e-02
2.088064253330230713e-01 6.662695345749299058e-02
2.796036899089813232e-01 1.107526150332367731e-01
4.395424723625183105e-01 2.291562175710107341e-01
3.062181770801544189e-01 1.290425209447128851e-01
3.348576128482818604e-01 1.495250509521270366e-01
4.435818195343017578e-01 2.323232859194479250e-01
7.025037407875061035e-01 4.331650270412289450e-01
3.439930975437164307e-01 1.562086900384944965e-01
2.983463406562805176e-01 1.235518805508731971e-01
4.941905736923217773e-01 2.722478286497559408e-01
5.958364605903625488e-01 3.522695308777626932e-01
2.041546404361724854e-01 6.400451292287898108e-02
4.564298689365386963e-01 2.424218589311791794e-01
3.154769837856292725e-01 1.355804657055922069e-01
1.480085700750350952e-01 3.565679625816243342e-02
2.290457934141159058e-01 7.847020499236552482e-02
4.913970828056335449e-01 2.700370885262003418e-01
3.684309124946594238e-01 1.743927236467906483e-01
4.118010103702545166e-01 2.075375299866915602e-01
4.598175883293151855e-01 2.450900968580189410e-01
2.424255758523941040e-01 8.666030560216383960e-02
3.769992291927337646e-01 1.808616875088986664e-01
1.821872442960739136e-01 5.215579896404574922e-02
1.107487902045249939e-01 2.073035414605230511e-02
6.983785629272460938e-01 4.301273181871443918e-01
4.189008772373199463e-01 2.130456095312118769e-01
2.651265263557434082e-01 1.011529094580018301e-01
3.247493207454681396e-01 1.422101746494611185e-01
7.391806244850158691e-01 4.597930513864300073e-01
4.132882952690124512e-01 2.086898059024130392e-01
1.873478740453720093e-01 5.485721288886209746e-02
1.510081440210342407e-01 3.700371401665733528e-02
8.753398656845092773e-01 5.519135975299990227e-01
3.318997025489807129e-01 1.473755989868975880e-01
4.041384458541870117e-01 2.016153907356913744e-01
3.411719501018524170e-01 1.541378230563202612e-01
9.759452939033508301e-02 1.631062868528296989e-02
4.094966351985931396e-01 2.057540470350297246e-01
5.639818906784057617e-01 3.273664888363269632e-01
4.176264107227325439e-01 2.120554361348512828e-01
4.504052996635437012e-01 2.376820650751917674e-01
1.040841788053512573e-01 1.843238509826523180e-02
8.744169026613235474e-02 1.322454289785846525e-02
1.871116161346435547e-01 5.473246367109055321e-02
3.498162925243377686e-01 1.605031675486471854e-01
2.396008521318435669e-01 8.490810775969749591e-02
3.741942048072814941e-01 1.787389290786909612e-01
2.263406068086624146e-01 7.684779909366262762e-02
3.369390070438385010e-01 1.510420119708250075e-01
2.497210502624511719e-01 9.123896131526559872e-02
3.218899369239807129e-01 1.401575832339670702e-01
8.017231523990631104e-02 1.119742508359460216e-02
2.806574106216430664e-01 1.114615993378478970e-01
7.237840294837951660e-01 4.486999857968416716e-01
1.796468645334243774e-01 5.084606923923176008e-02
5.140736103057861328e-01 2.879860985640337323e-01
1.755121052265167236e-01 4.874112792038764325e-02
1.841043978929519653e-01 5.315306367192482173e-02
3.451711833477020264e-01 1.570756548299142574e-01
4.024061560630798340e-01 2.002799779597159713e-01
1.842182427644729614e-01 5.321233097810246226e-02
4.682969152927398682e-01 2.517771182909927519e-01
4.167922139167785645e-01 2.114077309493863355e-01
5.080412626266479492e-01 2.832115447241937423e-01
4.806563556194305420e-01 2.615409262857695816e-01
3.779556453227996826e-01 1.815862744723560351e-01
1.311308592557907104e-01 2.847237119978763414e-02
2.712535858154296875e-01 1.051835150187622470e-01
4.175017476081848145e-01 2.119586424943668557e-01
1.869017779827117920e-01 5.462166464966772966e-02
2.637269496917724609e-01 1.002387916473487794e-01
5.395199656486511230e-01 3.081025531436478171e-01
4.853365421295166016e-01 2.652421371484387502e-01
3.243083953857421875e-01 1.418933647568400014e-01
1.342613250017166138e-01 2.975450891923417385e-02
3.808234333992004395e-01 1.837627781458203435e-01
5.344747304916381836e-01 3.041186830560645982e-01
2.647254765033721924e-01 1.008907011030741041e-01
3.943590819835662842e-01 1.940946401482800954e-01
1.684855371713638306e-01 4.524433684160917429e-02
3.835350275039672852e-01 1.858246721830384141e-01
4.805292785167694092e-01 2.614404654457930244e-01
4.027006030082702637e-01 2.005067747306804871e-01
2.569674253463745117e-01 9.586169617757106520e-02
8.829297125339508057e-02 1.347317555840675529e-02
2.946258187294006348e-01 1.209798351958878276e-01
3.561444878578186035e-01 1.651984859296628250e-01
2.722332477569580078e-01 1.058324854222427169e-01
3.318027257919311523e-01 1.473052756818773734e-01
3.624268770217895508e-01 1.698872697433161105e-01
5.240026712417602539e-01 2.958414965683671127e-01
1.481470763683319092e-01 3.571824665607949145e-02
1.969887763261795044e-01 6.004007527801064059e-02
1.078668311238288879e-01 1.972202380399153132e-02
3.600974678993225098e-01 1.681456634768019598e-01
1.770193129777908325e-01 4.950405528127400229e-02
5.013313293457031250e-01 2.779000052315628855e-01
3.145469725131988525e-01 1.349203157071235670e-01
2.697678804397583008e-01 1.042013318114228260e-01
7.613574862480163574e-01 4.755445062961625169e-01
4.313056468963623047e-01 2.227116021341369601e-01
4.724977016448974609e-01 2.550937343144001335e-01
1.516937464475631714e-01 3.731382494492947732e-02
6.410685777664184570e-01 3.871205085398335966e-01
5.749062448740005493e-02 5.886723594518123923e-03
5.342122316360473633e-01 3.039113439239274350e-01
1.442660838365554810e-01 3.400587885240170805e-02
1.796023696660995483e-01 5.082324129631959203e-02
5.218408703804016113e-01 2.941316696953483190e-01
7.351341843605041504e-01 4.568898537393828452e-01
3.557471036911010742e-01 1.649027264684369831e-01
7.612260580062866211e-01 4.754519391651312876e-01
1.768984496593475342e-01 4.944250879095411777e-02
1.040439903736114502e-01 1.841894642472695354e-02
1.332729011774063110e-01 2.934696017227729145e-02
7.744871377944946289e-01 4.847397341498726475e-01
2.791882157325744629e-01 1.104733235080193332e-01
5.717703104019165039e-01 3.334772426798805478e-01
4.662965238094329834e-01 2.501985901001924084e-01
3.344337344169616699e-01 1.492163228275819320e-01
5.274390578269958496e-01 2.985586943175357333e-01
2.371162772178649902e-01 8.337734549289366193e-02
2.541930377483367920e-01 9.408305969718222528e-02
2.616479098796844482e-01 9.888609537872471156e-02
4.455281496047973633e-01 2.338507502280891270e-01
4.523109495639801025e-01 2.391805186908252390e-01
6.204105615615844727e-01 3.712894515621500968e-01
1.437225341796875000e-01 3.376950116266106555e-02
1.727668195962905884e-01 4.736216869125341178e-02
1.508341878652572632e-01 3.692503036143784251e-02
2.662207782268524170e-01 1.018688824761372902e-01
2.306384146213531494e-01 7.943054007367780778e-02
4.653477966785430908e-01 2.494500971269813794e-01
2.916142046451568604e-01 1.189092732497640109e-01
4.267385005950927734e-01 2.191470232222370029e-01
3.224389553070068359e-01 1.405511153199833496e-01
4.524733722209930420e-01 2.393082949310324503e-01
4.342685341835021973e-01 2.250276842142560629e-01
2.027338743209838867e-01 6.321097339102411949e-02
1.103425323963165283e-01 2.058625184770843108e-02
6.097958683967590332e-01 3.630972539579105929e-01
4.236502647399902344e-01 2.167402745576056389e-01
5.157247185707092285e-01 2.892927273035990066e-01
4.365062117576599121e-01 2.267784213067585153e-01
1.568789631128311157e-01 3.969725108914267525e-02
2.071917951107025146e-01 6.571204521442754187e-02
2.740335762500762939e-01 1.070280890363119325e-01
2.329353839159011841e-01 8.082266453792841254e-02
1.598398685455322266e-01 4.108415908364480840e-02
6.090333461761474609e-01 3.625072268817879917e-01
3.864842653274536133e-01 1.880720576269993005e-01
6.458787918090820312e-01 3.907839594044775766e-01
9.907625317573547363e-01 6.207896484168997642e-01
4.086827337741851807e-01 2.051245024102882064e-01
5.436333417892456055e-01 3.113482511414736864e-01
3.931881785392761230e-01 1.931970074262987502e-01
4.501568973064422607e-01 2.374868048200633741e-01
2.402250021696090698e-01 8.529456888768308098e-02
6.602075695991516113e-01 4.016411884663763643e-01
3.665895164012908936e-01 1.730083980781133290e-01
2.065230160951614380e-01 6.533502784602948643e-02
2.417016029357910156e-01 8.620998702753401854e-02
3.312146365642547607e-01 1.468788190813966610e-01
3.436606228351593018e-01 1.559643703535913417e-01
1.329570710659027100e-01 2.921693453117645695e-02
4.860520958900451660e-01 2.658081410287455038e-01
4.748378396034240723e-01 2.569422385287727928e-01
4.414094090461730957e-01 2.306194755463210622e-01
1.345480978488922119e-01 2.987275163218094248e-02
5.362157821655273438e-01 3.054937939745641651e-01
3.687939941883087158e-01 1.746659389219398784e-01
4.329727292060852051e-01 2.240144230331973241e-01
2.083558887243270874e-01 6.637166301922392542e-02
3.220332264900207520e-01 1.402602920750031235e-01
2.192621529102325439e-01 7.266010654527071955e-02
4.160759150981903076e-01 2.108515838008487298e-01
6.880756467580795288e-02 8.340038607010536592e-03
8.883533626794815063e-02 1.363158348548879593e-02
2.711282670497894287e-01 1.051006616314307252e-01
3.701815605163574219e-01 1.757108384067549156e-01
2.633020281791687012e-01 9.996203776825866860e-02
1.975897550582885742e-01 6.036823096721585097e-02
3.853507041931152344e-01 1.872076657525475196e-01
3.583933115005493164e-01 1.668737804747088826e-01
2.206067740917205811e-01 7.344890771750148262e-02
2.604528665542602539e-01 9.811077532193986095e-02
3.151971399784088135e-01 1.353817265409848203e-01
4.451476335525512695e-01 2.335520336601277502e-01
5.399376749992370605e-01 3.084322269453945164e-01
3.058441877365112305e-01 1.287800189601736867e-01
6.468893885612487793e-01 3.915523111557364100e-01
1.768064647912979126e-01 4.939566789775419464e-02
2.697793841361999512e-01 1.042089095538419746e-01
4.522675871849060059e-01 2.391464059514671614e-01
2.336533963680267334e-01 8.125891001869227359e-02
4.080872535705566406e-01 2.046642276923044956e-01
4.502687454223632812e-01 2.375747053544566556e-01
3.293328285217285156e-01 1.455162754155511218e-01
3.026083409786224365e-01 1.265168383778101091e-01
1.998948752880096436e-01 6.163633705391780709e-02
5.783039331436157227e-01 3.385931858186315146e-01
1.724544018507003784e-01 4.720672079401240506e-02
5.796340107917785645e-01 3.396335306210802041e-01
4.961730837821960449e-01 2.738169442329865810e-01
2.859699428081512451e-01 1.150554221789375081e-01
3.602984249591827393e-01 1.682957541165925608e-01
2.547264993190765381e-01 9.442395684817772583e-02
5.476809740066528320e-01 3.145398170472084587e-01
9.997906535863876343e-02 1.707696087004327568e-02
5.696226954460144043e-01 3.317934783873157101e-01
1.519804745912551880e-01 3.744351750050027572e-02
4.958144128322601318e-01 2.735330517874668965e-01
3.977143764495849609e-01 1.966700075214231624e-01
4.035997390747070312e-01 2.012000019041816634e-01
3.657873570919036865e-01 1.724062644408881906e-01
4.418224990367889404e-01 2.309433808418397960e-01
9.392761588096618652e-01 5.911492627903844888e-01
1.083951354026794434e+00 6.699910576905867554e-01
1.384564042091369629e-01 3.150804374321385798e-02
1.985111683607101440e-01 6.087455343722567025e-02
5.014180541038513184e-01 2.779686556994296343e-01
5.181508660316467285e-01 2.912124772792544780e-01
3.889406919479370117e-01 1.899472880617753823e-01
1.952969431877136230e-01 5.911770154725170395e-02
3.245471119880676270e-01 1.420648853543320655e-01
2.036050111055374146e-01 6.369678023598580874e-02
2.819260060787200928e-01 1.123168013867258536e-01
2.468849718570709229e-01 8.944937310651658591e-02
4.590265750885009766e-01 2.444669559914180168e-01
7.523611187934875488e-01 4.691877034308691297e-01
3.622927367687225342e-01 1.697869121671012893e-01
5.638139843940734863e-01 3.272345963040067529e-01
5.196790099143981934e-01 2.924214969391525365e-01
3.211532831192016602e-01 1.396295555441315062e-01
3.964292705059051514e-01 1.956829866287249364e-01
4.639917314052581787e-01 2.483805586240873386e-01
5.805922746658325195e-01 3.403826605594745813e-01
3.675600290298461914e-01 1.737379471492759009e-01
3.599349856376647949e-01 1.680243088619216008e-01
3.906780481338500977e-01 1.912755083288594227e-01
2.239321172237396240e-01 7.541361814488094228e-02
6.596149802207946777e-01 4.011939309980933066e-01
6.520240753889083862e-02 7.515575996355446965e-03
4.475989639759063721e-01 2.354768843188173033e-01
5.870482921600341797e-01 3.454243806717173793e-01
5.224010944366455078e-01 2.945748159010800893e-01
1.105376034975051880e-01 2.065544484155073385e-02
4.292485415935516357e-01 2.211052408997574714e-01
4.524246156215667725e-01 2.392699386137885909e-01
5.222889780998229980e-01 2.944861300820587613e-01
3.195433914661407471e-01 1.384783103785315883e-01
3.345773816108703613e-01 1.493209469969067893e-01
3.714953660964965820e-01 1.767013583006224187e-01
2.065925896167755127e-01 6.537421714985092169e-02
4.361059069633483887e-01 2.264651467497771076e-01
2.924078404903411865e-01 1.194537239168630693e-01
6.642969250679016113e-01 4.047241637994459240e-01
2.612169682979583740e-01 9.860650915410291983e-02
4.501194357872009277e-01 2.374573641134999913e-01
6.100069880485534668e-01 3.632605503725189200e-01
3.130157887935638428e-01 1.338345550014519436e-01
3.093132674694061279e-01 1.312187389526400516e-01
4.677872061729431152e-01 2.513748267275730530e-01
2.950243949890136719e-01 1.212549370338304872e-01
5.371090769767761230e-01 3.061991888208309143e-01
2.672966718673706055e-01 1.025749667520366171e-01
4.109481275081634521e-01 2.068771811578367925e-01
2.868421077728271484e-01 1.156480976272750288e-01
3.800132572650909424e-01 1.831472337789880611e-01
5.637865662574768066e-01 3.272130590072842571e-01
3.782909810543060303e-01 1.818405351053422603e-01
3.746141493320465088e-01 1.790564960350347901e-01
4.339324831962585449e-01 2.247648747746267550e-01
5.789157152175903320e-01 3.390717306417261878e-01
9.215185046195983887e-01 5.805205362382872547e-01
2.818982899188995361e-01 1.122980902036172096e-01
3.201570510864257812e-01 1.389171074180232945e-01
3.455744683742523193e-01 1.573724361999494781e-01
3.836995661258697510e-01 1.859498558130161239e-01
5.382201075553894043e-01 3.070764037167916793e-01
3.178889155387878418e-01 1.372975936929880791e-01
2.114990949630737305e-01 6.816300831573672558e-02
5.950573086738586426e-01 3.516635384145011534e-01
6.277471780776977539e-01 3.769294719591597675e-01
1.851462870836257935e-01 5.369862296173665700e-02
1.330272108316421509e-01 2.924565667261159324e-02
4.736969172954559326e-01 2.560409443352067438e-01
4.298689067363739014e-01 2.215896110602908198e-01
2.128341197967529297e-01 6.892843704968104612e-02
6.266536116600036621e-01 3.760900513991606853e-01
3.399044871330261230e-01 1.532091329671319835e-01
4.962735474109649658e-01 2.738964636927295193e-01
1.147417664527893066e+00 7.002744772712770072e-01
2.860720455646514893e-01 1.151248056091785515e-01
3.470930457115173340e-01 1.584918432140614841e-01
1.877623796463012695e-01 5.507608069023397362e-02
5.398317575454711914e-01 3.083486371972183337e-01
4.078607559204101562e-01 2.044892114202702393e-01
4.106763899326324463e-01 2.066667869785965284e-01
3.337782025337219238e-01 1.487398550683527443e-01
2.432869970798492432e-01 8.719636221502855000e-02
3.131420016288757324e-01 1.339238938109316712e-01
8.829446434974670410e-01 5.567198802943426061e-01
2.090807110071182251e-01 6.678264224338759103e-02
3.609208166599273682e-01 1.687606055063874122e-01
1.590946316719055176e-01 4.073347761184413496e-02
4.725950360298156738e-01 2.551706038612222560e-01
6.700882315635681152e-01 4.090779061023306351e-01
2.850065529346466064e-01 1.144007552886945889e-01
1.902271360158920288e-01 5.638614615145615822e-02
3.558727800846099854e-01 1.649962631152038506e-01
3.520570397377014160e-01 1.621625056162710743e-01
1.142037436366081238e-01 2.196735904227236497e-02
7.976131439208984375e-01 5.006921202151121131e-01
3.249122798442840576e-01 1.423272834432381673e-01
2.844044864177703857e-01 1.139929397877420952e-01
9.971565753221511841e-02 1.699161058604787417e-02
7.053035497665405273e-01 4.352219798593766620e-01
3.591778576374053955e-01 1.674588257381072753e-01
4.790479242801666260e-01 2.602693804289365476e-01
1.911069452762603760e-01 5.685712588239471427e-02
7.838643789291381836e-01 4.912460699041786838e-01
4.623430371284484863e-01 2.470805956845036344e-01
5.089212656021118164e-01 2.839081212622135975e-01
8.468204736709594727e-01 5.335590348285125240e-01
5.536679029464721680e-01 3.192560067233826682e-01
7.031115889549255371e-01 4.336120453259804663e-01
3.561426103115081787e-01 1.651970885360782015e-01
5.254674553871154785e-01 2.969998272752261692e-01
4.789230227470397949e-01 2.601706394860796578e-01
5.164647698402404785e-01 2.898783487936166803e-01
4.921106994152069092e-01 2.706017921799182546e-01
6.396218538284301758e-01 3.860169782602536626e-01
6.267718672752380371e-01 3.761808789327735214e-01
6.415706276893615723e-01 3.875032899034763778e-01
3.190049529075622559e-01 1.380936446114451044e-01
1.901939064264297485e-01 5.636835767864831898e-02
6.084396839141845703e-01 3.620478608473799986e-01
2.835490107536315918e-01 1.134134957565012536e-01
1.946735382080078125e-01 5.877950766219634804e-02
2.145113646984100342e-01 6.989541538932136922e-02
2.849028110504150391e-01 1.143304727487725186e-01
4.539169073104858398e-01 2.404439091965218933e-01
3.962608277797698975e-01 1.955536868772134174e-01
5.468901991844177246e-01 3.139164854376809144e-01
2.091317027807235718e-01 6.681170569754858735e-02
2.567522227764129639e-01 9.572318181243044677e-02
4.223050773143768311e-01 2.156930889084544001e-01
2.894118428230285645e-01 1.174011551084057636e-01
2.835360169410705566e-01 1.134046945860563427e-01
2.153075635433197021e-01 7.035641300411077381e-02
2.045366466045379639e-01 6.421839485757310784e-02
5.773627385497093201e-02 5.935985485220884698e-03
4.656485021114349365e-01 2.496873076309032713e-01
3.777486681938171387e-01 1.814294672786251617e-01
1.762300133705139160e-01 4.910393666325421624e-02
5.740880370140075684e-01 3.352931746002832947e-01
3.388392031192779541e-01 1.524299462647353276e-01
1.717680841684341431e-01 4.686523366002755958e-02
4.665398597717285156e-01 2.503905796771674908e-01
3.594980835914611816e-01 1.676979958292462158e-01
3.226880133152008057e-01 1.407296381537059549e-01
4.544884264469146729e-01 2.408936631641411530e-01
5.010067224502563477e-01 2.776430495971971557e-01
1.450357735157012939e-01 3.434340378258850940e-02
2.141319662332534790e-01 6.967668162090347173e-02
4.936518669128417969e-01 2.718214805023433933e-01
3.485800921916961670e-01 1.595895814100955767e-01
3.822261691093444824e-01 1.848288716647696894e-01
3.150400221347808838e-01 1.352702231528239984e-01
3.630865514278411865e-01 1.703810417510691344e-01
2.247725725173950195e-01 7.591328748058233378e-02
2.805813252925872803e-01 1.114104061673393126e-01
1.946990936994552612e-01 5.879337138035463373e-02
3.002931177616119385e-01 1.249037181181025385e-01
2.751428186893463135e-01 1.077667325123538439e-01
3.119348585605621338e-01 1.330694266378556756e-01
2.353422045707702637e-01 8.228982084441364975e-02
4.778029620647430420e-01 2.592853536242983314e-01
4.732631444931030273e-01 2.556982769113539944e-01
1.126858368515968323e-01 2.142036135205094630e-02
1.993961036205291748e-01 6.136086552637158575e-02
2.456476539373397827e-01 8.867284913891598785e-02
4.621108174324035645e-01 2.468975114564011808e-01
3.188034296035766602e-01 1.379499013858894729e-01
4.906350672245025635e-01 2.694340864059447949e-01
1.384783536195755005e-01 3.151729422272070424e-02
3.385757803916931152e-01 1.522372694914108371e-01
5.090831518173217773e-01 2.840362641690993839e-01
4.370923638343811035e-01 2.272371862286071131e-01
2.232005894184112549e-01 7.498024830833302512e-02
3.167539536952972412e-01 1.364890215858040601e-01
2.018712162971496582e-01 6.273092730660639882e-02
3.957827389240264893e-01 1.951866970304782234e-01
4.566032886505126953e-01 2.425584138382874677e-01
2.537762820720672607e-01 9.381700135474002611e-02
4.848454296588897705e-01 2.648536665968529991e-01
6.062868833541870117e-01 3.603810415728605498e-01
2.925291955471038818e-01 1.195369760053507785e-01
1.491318196058273315e-01 3.615919019835891340e-02
2.456786930561065674e-01 8.869232886944543315e-02
4.219876825809478760e-01 2.154460071980292268e-01
7.697353363037109375e-01 4.814233784819832995e-01
3.577157557010650635e-01 1.663686063073804289e-01
3.030995726585388184e-01 1.268598619221734947e-01
4.931765198707580566e-01 2.714452882732582562e-01
3.235552906990051270e-01 1.413522504623799803e-01
4.788069725036621094e-01 2.600788959328740324e-01
4.011865854263305664e-01 1.993406077713141544e-01
2.235117256641387939e-01 7.516457084942160249e-02
6.690077185630798340e-01 4.082668145531950232e-01
7.587001919746398926e-01 4.736715352174937776e-01
1.699893325567245483e-01 4.598418329184223580e-02
2.602401375770568848e-01 9.797291387866646772e-02
3.881037831306457520e-01 1.893080170868412793e-01
5.029978156089782715e-01 2.792191970429843129e-01
3.716858625411987305e-01 1.768450337076452605e-01
2.700721919536590576e-01 1.044024469742416417e-01
4.030966162681579590e-01 2.008120513479995650e-01
6.951925158500671387e-01 4.277756628033153041e-01
7.478879094123840332e-01 4.660098357834748239e-01
4.652196168899536133e-01 2.493490007993266200e-01
4.380794167518615723e-01 2.280101583544209554e-01
2.784154117107391357e-01 1.099551184244227514e-01
5.511707067489624023e-01 3.172895766353396318e-01
2.330254316329956055e-01 8.087737516240191271e-02
4.527018964290618896e-01 2.394880725842267744e-01
1.838414669036865234e-01 5.301618257015722202e-02
5.123634338378906250e-01 2.866326169509499922e-01
5.091264247894287109e-01 2.840705173908958381e-01
2.625006139278411865e-01 9.944007195519849462e-02
3.365632891654968262e-01 1.507677756142527525e-01
3.830736875534057617e-01 1.854736773284730855e-01
7.741603255271911621e-01 4.845120411134876681e-01
4.240806400775909424e-01 2.170755518428538200e-01
7.738675475120544434e-01 4.843080600456920459e-01
1.554992944002151489e-01 3.905690073889197395e-02
6.422364115715026855e-01 3.880108812468593404e-01
5.860604047775268555e-01 3.446535039727530170e-01
4.172175526618957520e-01 2.117379816873719844e-01
5.971856713294982910e-01 3.533185746878153011e-01
3.014321327209472656e-01 1.256968251477864618e-01
3.371605575084686279e-01 1.512037215825294545e-01
3.299202322959899902e-01 1.459412794447611239e-01
1.642419248819351196e-01 4.318269417065927901e-02
1.357427835464477539e-01 3.036920553756041266e-02
7.756220698356628418e-01 4.855299868601244961e-01
9.316225349903106689e-02 1.492714160816438658e-02
2.379200011491775513e-01 8.387158963338320339e-02
6.715862154960632324e-01 4.102016306778758503e-01
3.523652553558349609e-01 1.623910681797631483e-01
4.411908388137817383e-01 2.304480938684237701e-01
1.836399435997009277e-01 5.291127012922182404e-02
4.855585992336273193e-01 2.654177845833478044e-01
6.458556652069091797e-01 3.907663610739800508e-01
5.406134724617004395e-01 3.089655643482202563e-01
2.448305040597915649e-01 8.816076453665586121e-02
6.501614451408386230e-01 3.940377534669249338e-01
8.152006268501281738e-01 5.126103288657576362e-01
3.196974694728851318e-01 1.385884837889619914e-01
4.664298295974731445e-01 2.503037669988830705e-01
3.171983063220977783e-01 1.368051756227242899e-01
5.073156952857971191e-01 2.826372134997751639e-01
3.841636180877685547e-01 1.863032886101069208e-01
7.974375486373901367e-01 5.005721381285587190e-01
4.720436334609985352e-01 2.547351352894822729e-01
2.109193652868270874e-01 6.783067208020102101e-02
1.347157359123229980e-01 2.994187246983493964e-02
3.533691167831420898e-01 1.631354987917015831e-01
2.618898451328277588e-01 9.904305810151028955e-02
3.921112418174743652e-01 1.923723198787367361e-01
2.952378094196319580e-01 1.214022380852367439e-01
3.802740573883056641e-01 1.833453808731263512e-01
5.410913228988647461e-01 3.093426825311849093e-01
3.701801002025604248e-01 1.757097387251733422e-01
2.361436486244201660e-01 8.278070213222617213e-02
2.084407955408096313e-01 6.641977431134421517e-02
7.184661030769348145e-01 4.448394371553530680e-01
1.735021173954010010e-01 4.773038600721173086e-02
4.669372141361236572e-01 2.507040881927594667e-01
6.259855628013610840e-01 3.755769490822593593e-01
2.110240459442138672e-01 6.789068138632203819e-02
3.625364005565643311e-01 1.699692102215630829e-01
8.040788769721984863e-01 5.050953478509585537e-01
2.773514986038208008e-01 1.092418218325780371e-01
1.201870366930961609e-01 2.418432205794953174e-02
2.677136957645416260e-01 1.028486499539606469e-01
6.538859605789184570e-01 3.968615627783079747e-01
1.856968551874160767e-01 5.398729953820010502e-02
9.348420798778533936e-02 1.502636988993679736e-02
2.572938799858093262e-01 9.607181753967469762e-02
5.519893169403076172e-01 3.179342742587613069e-01
3.910447657108306885e-01 1.915559810349631298e-01
6.381244957447052002e-02 7.208455462535754386e-03
1.215884685516357422e-01 2.471590733968059492e-02
6.668144464492797852e-01 4.066187024697469066e-01
5.421887636184692383e-01 3.102086099931923857e-01
1.584777832031250000e-01 4.044403412567781908e-02
5.634589791297912598e-01 3.269557351316605964e-01
2.411556839942932129e-01 8.587082832211453964e-02
1.226181909441947937e-01 2.511140301274549305e-02
6.866137385368347168e-01 4.214189467477161277e-01
3.302389681339263916e-01 1.461718942642639685e-01
3.797379732131958008e-01 1.829383626196490753e-01
1.471939235925674438e-01 3.529536610709999023e-02
3.035145103931427002e-01 1.271496099539742297e-01
2.213071882724761963e-01 7.386166083326824172e-02
2.252523601055145264e-01 7.619900431644181793e-02
2.390094101428985596e-01 8.454301539254464870e-02
3.050119280815124512e-01 1.281972279419271166e-01
4.511848986148834229e-01 2.382950627992138082e-01
3.365574181079864502e-01 1.507634903312952968e-01
4.400559961795806885e-01 2.295586228257268380e-01
4.268351197242736816e-01 2.192223602166386009e-01
5.845237374305725098e-01 3.434540700433823535e-01
6.366427540779113770e-01 3.837421611765013951e-01
3.718464374542236328e-01 1.769661418260806418e-01
6.993541717529296875e-01 4.308466300026090878e-01
2.173369824886322021e-01 7.153536306448712856e-02
8.322803378105163574e-01 5.240032986457069386e-01
5.258072018623352051e-01 2.972684810934587141e-01
1.368780434131622314e-01 3.084285074231459672e-02
7.578794956207275391e-01 4.730923892259781272e-01
2.601929605007171631e-01 9.794242678947348568e-02
4.091126918792724609e-01 2.054570707113188011e-01
2.055956870317459106e-01 6.481268285664931739e-02
3.266728520393371582e-01 1.435952603655756277e-01
2.522875964641571045e-01 9.286771713430019837e-02
3.816615939140319824e-01 1.843995840966311528e-01
4.086272716522216797e-01 2.050816030127545486e-01
4.153901338577270508e-01 2.103196022090076389e-01
6.386996507644653320e-01 3.853131840132211772e-01
5.476366281509399414e-01 3.145048661024346104e-01
2.984198629856109619e-01 1.236029272268958645e-01
3.192375600337982178e-01 1.382596257483891256e-01
4.995847642421722412e-01 2.765174444180342195e-01
5.162587761878967285e-01 2.897153407500034916e-01
6.404874920845031738e-01 3.866774674007912860e-01
4.211707711219787598e-01 2.148104815565633763e-01
4.813446998596191406e-01 2.620852031189248588e-01
3.900111317634582520e-01 1.907654377707782567e-01
3.138850629329681396e-01 1.344505717293064673e-01
1.469134241342544556e-01 3.517091830824138621e-02
1.949520111083984375e-01 5.893057772921792004e-02
4.145231842994689941e-01 2.096470827832261630e-01
4.252854585647583008e-01 2.180142363142058282e-01
7.886115908622741699e-01 4.945204605002304077e-01
4.168001413345336914e-01 2.114138861270982439e-01
2.817027568817138672e-01 1.121660858247184450e-01
4.123190641403198242e-01 2.079386499520796960e-01
1.678487509489059448e-01 4.493254678287202097e-02
5.057465434074401855e-01 2.813950914939529202e-01
7.269064188003540039e-01 4.509596060672906859e-01
1.767127811908721924e-01 4.934796196942956015e-02
2.035088837146759033e-01 6.364295934502342544e-02
2.555227577686309814e-01 9.493438937649401055e-02
5.876787900924682617e-01 3.459160895085530152e-01
3.346250653266906738e-01 1.493556770116204191e-01
3.149467706680297852e-01 1.352040444537429831e-01
1.549801230430603027e-01 3.881764574170088605e-02
5.083720088005065918e-01 2.834733506852796237e-01
1.721505373716354370e-01 4.705552869630475615e-02
5.416435003280639648e-01 3.097784240302072223e-01
1.062020808458328247e-01 1.914932765290875902e-02
5.150284171104431152e-01 2.887417261561773807e-01
3.789828121662139893e-01 1.823654247705971121e-01
1.355313807725906372e-01 3.028107159663253473e-02
4.937955141067504883e-01 2.719351636712581399e-01
4.393131732940673828e-01 2.289765352525274522e-01
7.152375578880310059e-01 4.424884761092697238e-01
2.755532562732696533e-01 1.080401670959625360e-01
1.893882304430007935e-01 5.593928607261682701e-02
6.528018116950988770e-01 3.960400993932896019e-01
3.555823266506195068e-01 1.647800885457492703e-01
2.467458993196487427e-01 8.936209306569505018e-02
7.791406512260437012e-01 4.879751318095854606e-01
2.231633663177490234e-01 7.495819669398247342e-02
6.068610548973083496e-01 3.608256671480062350e-01
4.016074836254119873e-01 1.996648031960440994e-01
7.014194875955581665e-02 8.654884085645651870e-03
2.180874496698379517e-01 7.197286482576427391e-02
5.091105774044990540e-02 4.645756110477128331e-03
4.398000240325927734e-01 2.293580390678046921e-01
3.562050163745880127e-01 1.652435352371286748e-01
1.943466961383819580e-01 5.860219757818248276e-02
1.823534816503524780e-01 5.224171669241997606e-02
1.015452221035957336e-01 1.758882884319635034e-02
1.717367321252822876e-01 4.684963400459518645e-02
1.239439100027084351e-01 2.562278007358646109e-02
3.228291571140289307e-01 1.408308089255750906e-01
3.766171634197235107e-01 1.805722320411333737e-01
4.397991001605987549e-01 2.293573151073325100e-01
2.966669499874114990e-01 1.223891963423569540e-01
3.423024713993072510e-01 1.549668888593284388e-01
3.896658122539520264e-01 1.905013307211542162e-01
4.075976312160491943e-01 2.042858931747715268e-01
7.781133651733398438e-01 4.872618333050452444e-01
1.489918082952499390e-01 3.609646392999066311e-02
5.462315678596496582e-01 3.133972043406469399e-01
2.142720371484756470e-01 6.975743639970745369e-02
4.413008987903594971e-01 2.305343922780876409e-01
3.525826334953308105e-01 1.625522686572444253e-01
2.605867385864257812e-01 9.819762880195376242e-02
4.436554014682769775e-01 2.323810164624040275e-01
7.088903188705444336e-01 4.378514414598575488e-01
4.698139131069183350e-01 2.529745493710287563e-01
3.946235477924346924e-01 1.942974072993446932e-01
4.375767707824707031e-01 2.276165307012211758e-01
1.666281670331954956e-01 4.433720750826537771e-02
3.938917517662048340e-01 1.937363359229201665e-01
1.343116611242294312e-01 2.977526360275374595e-02
3.325308263301849365e-01 1.478333118043277661e-01
1.529580354690551758e-01 3.788978441676647824e-02
4.622847735881805420e-01 2.470346601524271157e-01
1.762594431638717651e-01 4.911880957759606758e-02
3.605085611343383789e-01 1.684527004462920141e-01
4.693084657192230225e-01 2.525754938270228234e-01
3.947608470916748047e-01 1.944026753030582977e-01
2.849317193031311035e-01 1.143500533343953657e-01
2.714338302612304688e-01 1.053026820310288686e-01
1.557503491640090942e-01 3.917259684958556559e-02
3.128648996353149414e-01 1.337277492417362490e-01
9.772942215204238892e-02 1.635363064660038529e-02
2.624121308326721191e-01 9.938244239516072498e-02
2.789582014083862305e-01 1.103190870020921283e-01
5.164251923561096191e-01 2.898470301185706588e-01
3.816967010498046875e-01 1.844262573084806400e-01
3.088194727897644043e-01 1.308710603728919508e-01
2.379443049430847168e-01 8.388656857459689253e-02
5.362483263015747070e-01 3.055194926191269200e-01
4.333019554615020752e-01 2.242717691241978006e-01
3.360402286052703857e-01 1.503863987295438465e-01
2.841430008411407471e-01 1.138158263256237451e-01
3.980029523372650146e-01 1.968917819558632099e-01
4.429608583450317383e-01 2.318360953187864615e-01
4.090207219123840332e-01 2.053859328602769818e-01
2.176759839057922363e-01 7.173299158282510357e-02
8.288763165473937988e-01 5.217468901261070879e-01
1.901428848505020142e-01 5.634104479483934003e-02
3.327682912349700928e-01 1.480058918241043964e-01
1.936672031879425049e-01 5.823405057650939132e-02
3.101691305637359619e-01 1.318222328397423149e-01
4.740900099277496338e-01 2.563514756523223026e-01
3.480441868305206299e-01 1.591936641569006161e-01
4.938329458236694336e-01 2.719647873351911382e-01
6.043480634689331055e-01 3.588786370922352198e-01
2.923959791660308838e-01 1.194455868021238598e-01
3.688076138496398926e-01 1.746761951358740406e-01
5.033135414123535156e-01 2.794691264745314818e-01
3.710203766822814941e-01 1.763431138329863423e-01
1.772930771112442017e-01 4.964346252084456818e-02
6.981544494628906250e-01 4.299620475640363315e-01
2.688045501708984375e-01 1.035667645939186282e-01
4.166637659072875977e-01 2.113079985586409637e-01
3.247882127761840820e-01 1.422381190164682674e-01
2.027269154787063599e-01 6.320710098168563773e-02
4.765976965427398682e-01 2.583328047990559595e-01
3.397101759910583496e-01 1.530670068711849630e-01
1.359042078256607056e-01 3.043650341463602360e-02
8.134221434593200684e-01 5.114136234459992769e-01
1.041608899831771851e-01 1.845803667089224859e-02
3.576591610908508301e-01 1.663264103212904188e-01
3.289311826229095459e-01 1.452256727112556656e-01
4.056880772113800049e-01 2.028110987956210920e-01
1.464856266975402832e-01 3.498111954828433956e-02
8.090576529502868652e-01 5.084687652980518502e-01
1.163987994194030762e+00 7.077609718458603982e-01
4.493372440338134766e-01 2.368426459078814827e-01
5.078241229057312012e-01 2.830396652655100542e-01
4.290552735328674316e-01 2.209544265951313424e-01
1.124667599797248840e-01 2.134155986883191219e-02
4.984731078147888184e-01 2.756374969418108334e-01
2.429914027452468872e-01 8.701225572907221595e-02
3.637175559997558594e-01 1.708539216043233611e-01
3.381313383579254150e-01 1.519122942071811644e-01
4.402658641338348389e-01 2.297230786207306308e-01
1.952425241470336914e-01 5.908817950718520118e-02
1.739090830087661743e-01 4.793447225751477220e-02
2.345154434442520142e-01 8.178506817688339925e-02
2.283342927694320679e-01 7.804216739063780939e-02
5.850201845169067383e-01 3.438417030702315969e-01
5.042489171028137207e-01 2.802095720245882382e-01
6.572761535644531250e-01 3.994269825083031078e-01
5.759454369544982910e-01 3.367475957705001188e-01
1.941764056682586670e-01 5.850981590406419131e-02
6.164031624794006348e-01 3.682009575285923320e-01
9.964658617973327637e-01 6.239651195869350131e-01
1.071803793311119080e-01 1.948545938541545661e-02
1.433291435241699219e-01 3.359842429205348036e-02
2.589275538921356201e-01 9.712468717662803286e-02
3.453522622585296631e-01 1.572089125600601434e-01
6.262322664260864258e-01 3.757664325306582231e-01
2.254160642623901367e-01 7.629649127708386380e-02
3.190998733043670654e-01 1.381613497539169455e-01
3.801182210445404053e-01 1.832269817010032664e-01
1.767472177743911743e-01 4.936549790077331828e-02
1.824250519275665283e-01 5.227880108829733447e-02
3.790758550167083740e-01 1.824360160316863544e-01
1.232876628637313843e-01 2.536856984181045174e-02
1.958084553480148315e-01 5.939557818788283872e-02
3.343848288059234619e-01 1.491807268432715772e-01
3.718467354774475098e-01 1.769663665998713609e-01
1.970894336700439453e-01 6.009503775552375165e-02
1.726255714893341064e-01 4.729188868467383566e-02
8.962987065315246582e-01 5.650692173490465819e-01
5.012798905372619629e-01 2.778592867753643114e-01
1.045378819108009338e-01 1.858429398482997624e-02
1.126047372817993164e-01 2.139119000989208111e-02
4.095076620578765869e-01 2.057625762005791392e-01
3.989518880844116211e-01 1.976210517861850258e-01
3.798889815807342529e-01 1.830529321007314525e-01
5.038228631019592285e-01 2.798723067499417350e-01
2.264305502176284790e-01 7.690163626747183179e-02
1.141628324985504150e-01 2.195244061635226798e-02
4.156210720539093018e-01 2.104987480677350531e-01
1.416176557540893555e-01 3.285805720497766980e-02
1.927447915077209473e-01 5.773694171622293508e-02
2.963513433933258057e-01 1.221708118158251616e-01
5.967900753021240234e-01 3.530111104588231075e-01
2.749482393264770508e-01 1.076371623013093054e-01
3.873712420463562012e-01 1.887486938740654818e-01
2.943551540374755859e-01 1.207933210365005616e-01
3.348529934883117676e-01 1.495216864819516600e-01
2.422232627868652344e-01 8.653446480175736033e-02
4.087478518486022949e-01 2.051748705906272785e-01
4.936671555042266846e-01 2.718335799765453364e-01
2.545489370822906494e-01 9.431026712892168207e-02
1.288399547338485718e-01 2.755053541714116982e-02
2.817381620407104492e-01 1.121899878521733646e-01
6.518448591232299805e-01 3.953148164023455036e-01
1.850419342517852783e-01 5.364390817162694586e-02
1.076940670609474182e-01 1.966248600320200796e-02
2.179327160120010376e-01 7.188265935172376275e-02
4.666015207767486572e-01 2.504392295773219534e-01
1.022133827209472656e-01 1.780880408163173709e-02
6.002399921417236328e-01 3.556914892238425829e-01
3.468947410583496094e-01 1.583456219217580785e-01
4.767751395702362061e-01 2.584730163525105762e-01
2.349463701248168945e-01 8.204815673359999728e-02
2.492172718048095703e-01 9.092004404982896582e-02
5.945045948028564453e-01 3.512335561755089985e-01
1.248282194137573242e-01 2.596670344040480014e-02
1.076312512159347534e-01 1.964083846143659107e-02
3.544152975082397461e-01 1.639126929119311959e-01
4.501706957817077637e-01 2.374976489307545624e-01
3.496432602405548096e-01 1.603750915752862882e-01
2.407024651765823364e-01 8.559020436165802603e-02
1.268138587474822998e-01 2.674566801275754177e-02
3.052773177623748779e-01 1.283830674469577660e-01
2.297259569168090820e-01 7.887939022171254477e-02
2.812772393226623535e-01 1.118788188651213544e-01
7.904407382011413574e-01 4.957785224480898978e-01
8.282393813133239746e-01 5.213240429746759386e-01
3.529391884803771973e-01 1.628166781050900402e-01
3.110003471374511719e-01 1.324090559711291748e-01
3.875675201416015625e-01 1.888984259593816106e-01
7.642592787742614746e-01 4.775852531829078984e-01
4.665608406066894531e-01 2.504071333406323041e-01
5.420638918876647949e-01 3.101100923289538680e-01
2.062414139509201050e-01 6.517640727125595390e-02
4.595490694046020508e-01 2.448785604077667044e-01
2.264150530099868774e-01 7.689236014739866953e-02
4.873862862586975098e-01 2.668636075023453347e-01
7.067909240722656250e-01 4.363132712384766299e-01
3.235932290554046631e-01 1.413795096035294907e-01
3.913270235061645508e-01 1.917718572640982888e-01
6.345360279083251953e-01 3.821314092896456183e-01
2.153868973255157471e-01 7.040240795939853302e-02
4.143480360507965088e-01 2.095112149019845715e-01
5.323582887649536133e-01 3.024466677079151178e-01
3.749938309192657471e-01 1.793437237927347772e-01
3.711377382278442383e-01 1.764316297517685428e-01
4.851312935352325439e-01 2.650797852649038888e-01
7.689957618713378906e-01 4.809059398037872080e-01
4.479307830333709717e-01 2.357375179347780125e-01
6.445114612579345703e-01 3.897434807920739930e-01
3.387307822704315186e-01 1.523506433909538327e-01
4.705879986286163330e-01 2.535856972896613493e-01
2.393598854541778564e-01 8.475902072506837082e-02
5.450687408447265625e-01 3.124803408255758530e-01
6.115112900733947754e-01 3.644236477904299609e-01
3.899644911289215088e-01 1.907297661100669506e-01
8.852295875549316406e-01 5.581568327930682694e-01
3.266142904758453369e-01 1.435530839008715420e-01
6.806514859199523926e-01 4.169808031713991836e-01
1.881748288869857788e-01 5.529413694362206311e-02
5.790063142776489258e-01 3.391425985422624190e-01
5.002848505973815918e-01 2.770716229193043723e-01
6.321640610694885254e-01 3.803157450634296333e-01
4.116819798946380615e-01 2.074453700446115545e-01
5.143408775329589844e-01 2.881976148325761655e-01
1.813912689685821533e-01 5.174440892312015539e-02
4.444690048694610596e-01 2.330193493189051945e-01
3.541103899478912354e-01 1.636861687895910800e-01
8.364850878715515137e-01 5.267801456950356176e-01
9.463571906089782715e-01 5.953298968615118314e-01
1.924956142902374268e-01 5.760265438525284665e-02
1.397319585084915161e-01 3.205027559423410943e-02
4.474486708641052246e-01 2.353588337237670081e-01
6.132472753524780273e-01 3.657649937795062756e-01
2.204210758209228516e-01 7.333947598129424150e-02
5.724399089813232422e-01 3.340019452611430739e-01
3.875362128019332886e-02 2.724169626829942795e-03
5.998753905296325684e-01 3.554083150638644995e-01
6.169040799140930176e-01 3.685873263273166112e-01
5.567486882209777832e-01 3.216806720434223221e-01
2.376022040843963623e-01 8.367572459398125995e-02
3.474013507366180420e-01 1.587191740329492173e-01
2.771495580673217773e-01 1.091068773937357156e-01
4.065544307231903076e-01 2.034798415980225428e-01
2.055570483207702637e-01 6.479091848209181381e-02
2.949044108390808105e-01 1.211721226178325006e-01
5.181738734245300293e-01 2.912306815304421259e-01
4.667098224163055420e-01 2.505246784594686305e-01
2.458233535289764404e-01 8.878311582286828318e-02
8.331262469291687012e-01 5.245626276805357424e-01
1.678492426872253418e-01 4.493278755303017208e-02
1.233220458030700684e+00 7.372131534303713041e-01
5.952820777893066406e-01 3.518383546307617959e-01
4.175771772861480713e-01 2.120172092416932053e-01
4.894572496414184570e-01 2.685021195495307378e-01
2.870902717113494873e-01 1.158171517769608638e-01
2.146599143743515015e-01 6.998105840952316414e-02
2.434041351079940796e-01 8.726955150912421577e-02
7.618255019187927246e-01 4.758741376398619161e-01
2.831999361515045166e-01 1.131770551385627710e-01
2.728408873081207275e-01 1.062356744895142230e-01
9.077365994453430176e-01 5.721282811433241466e-01
3.405949175357818604e-01 1.537148874775754459e-01
2.359229773283004761e-01 8.264533487631053887e-02
3.867530450224876404e-02 2.713315863668009070e-03
2.951348125934600830e-01 1.213311485120402572e-01
5.427193641662597656e-01 3.106272277722145203e-01
4.649687409400939941e-01 2.491511331206012481e-01
2.726605832576751709e-01 1.061160367506848168e-01
6.352643966674804688e-01 3.826883672873455100e-01
3.143939971923828125e-01 1.348117521844700295e-01
5.230380892753601074e-01 2.950786201834979527e-01
4.628964066505432129e-01 2.475168775052693504e-01
7.450312972068786621e-01 4.639749200145251717e-01
6.172717213630676270e-01 3.688708963833055576e-01
3.418535590171813965e-01 1.546374077904114075e-01
2.497113794088363647e-01 9.123283917537951260e-02
3.206348419189453125e-01 1.392587515410445564e-01
1.934451311826705933e-01 5.811437086753635378e-02
4.724032878875732422e-01 2.550191713247086378e-01
3.716930747032165527e-01 1.768504732333804619e-01
3.988465070724487305e-01 1.975400650671743641e-01
3.176621794700622559e-01 1.371358666211118238e-01
1.827405244112014771e-01 5.244303513791603172e-02
5.255377292633056641e-01 2.970553961965763934e-01
1.556752175092697144e-01 3.913797316783597380e-02
2.698484361171722412e-01 1.042545127930085552e-01
7.572385668754577637e-01 4.726396001182046613e-01
8.112215250730514526e-02 1.145393101282637591e-02
2.998116612434387207e-01 1.245692550813485150e-01
5.392598509788513184e-01 3.078972103291393592e-01
4.791325330734252930e-01 2.603362679347277497e-01
2.612036764621734619e-01 9.859788567857170893e-02
1.728554219007492065e-01 4.740625402927664545e-02
4.830320477485656738e-01 2.634194790831085320e-01
2.052357345819473267e-01 6.460992919995393879e-02
2.125420272350311279e-01 6.876088039195168977e-02
3.594467341899871826e-01 1.676596440314767900e-01
7.016767263412475586e-01 4.325566891375995926e-01
1.774342209100723267e-01 4.971533631646901652e-02
3.765193819999694824e-01 1.804981522135407357e-01
4.730482697486877441e-01 2.555285438698171041e-01
2.273536771535873413e-01 7.745418976606030514e-02
1.493354588747024536e-01 3.625042233794177615e-02
3.926581442356109619e-01 1.927911222139512271e-01
2.100075185298919678e-01 6.731088878297018796e-02
6.480674743652343750e-01 3.924477708802456832e-01
2.650495767593383789e-01 1.011025994355285174e-01
1.811432242393493652e-01 5.161621006093681380e-02
1.684751659631729126e-01 4.523925878009185664e-02
5.043788552284240723e-01 2.803124313277120527e-01
2.536311447620391846e-01 9.372434516711893038e-02
5.346254706382751465e-01 3.042377476939335246e-01
2.519528269767761230e-01 9.265489045598078455e-02
3.836512863636016846e-01 1.859131237933523140e-01
1.594954729080200195e-01 4.092156413657778435e-02
4.124835431575775146e-01 2.080661215002590769e-01
3.125735223293304443e-01 1.335214999996386376e-01
1.131426319479942322e-01 2.158466957325074279e-02
3.114083707332611084e-01 1.326971128888380369e-01
4.274870157241821289e-01 2.197306641696123719e-01
4.403733611106872559e-01 2.298073149247037705e-01
6.888031959533691406e-01 4.230445656891862471e-01
1.243823021650314331e-01 2.579327843826411878e-02
3.448456525802612305e-01 1.568360935747491192e-01
1.871740221977233887e-01 5.476541540392103335e-02
4.159664809703826904e-01 2.107666923834726758e-01
5.234533548355102539e-01 2.954070487674059775e-01
3.894582390785217285e-01 1.903426153087914574e-01
5.365684032440185547e-01 3.057722430244416700e-01
5.087361335754394531e-01 2.837615778642801345e-01
8.224005699157714844e-01 5.174348824555179416e-01
4.749252796173095703e-01 2.570113135010561045e-01
2.966496646404266357e-01 1.223772302333920314e-01
7.463784217834472656e-01 4.649351333821963861e-01
3.349624872207641602e-01 1.496014352782378820e-01
4.241745769977569580e-01 2.171487389072835616e-01
4.222256839275360107e-01 2.156312836806071886e-01
3.331647813320159912e-01 1.482940450097354756e-01
2.900633811950683594e-01 1.178467341493170256e-01
2.405131161212921143e-01 8.547296324163432268e-02
1.663279831409454346e-01 4.419143357473314521e-02
2.065326273441314697e-01 6.534044166075744786e-02
3.143029212951660156e-01 1.347471174435330987e-01
2.398678958415985107e-01 8.507345584437088493e-02
6.324657201766967773e-01 3.805468187048823836e-01
5.451614260673522949e-01 3.125534410439455568e-01
2.743212878704071045e-01 1.072196759282439127e-01
4.876264035701751709e-01 2.670535698697706906e-01
4.290169179439544678e-01 2.209244962928871014e-01
5.057724118232727051e-01 2.814155686318882688e-01
1.747847050428390503e-01 4.837358163616466838e-02
1.912746131420135498e-01 5.694688188958474395e-02
1.382641047239303589e-01 3.142699999709307884e-02
3.117468059062957764e-01 1.329363149760334484e-01
1.247145831584930420e-01 2.592250831705225980e-02
1.475530862808227539e-01 3.545471402974600950e-02
4.868851900100708008e-01 2.664671786521665697e-01
9.632858037948608398e-01 6.051899230006337893e-01
3.685576617717742920e-01 1.744880204931369139e-01
5.749856829643249512e-01 3.359961204885692498e-01
3.108844757080078125e-01 1.323272529402291786e-01
3.587902188301086426e-01 1.671697078800521985e-01
4.942444562911987305e-01 2.722904752155970165e-01
2.236536890268325806e-01 7.524867242264721146e-02
3.289038836956024170e-01 1.452059211287718421e-01
1.831177473068237305e-01 5.263941627088553066e-02
4.410210251808166504e-01 2.303149424093756670e-01
2.563403844833374023e-01 9.545851979098449180e-02
5.626385807991027832e-01 3.263113017575551278e-01
1.336341649293899536e-01 2.949591711344027103e-02
1.644883453845977783e-01 4.330136235228828484e-02
7.423279881477355957e-01 4.620448695461536470e-01
5.048173069953918457e-01 2.806595107010052548e-01
7.558353543281555176e-01 4.716479014206663711e-01
8.007114529609680176e-01 5.028051445350790738e-01
8.241574466228485107e-02 1.180724682648048862e-02
2.404574006795883179e-01 8.543846536268817626e-02
2.925411164760589600e-01 1.195451540101138133e-01
4.589238464832305908e-01 2.443860296610989302e-01
5.935553908348083496e-01 3.504947989110606676e-01
3.630318045616149902e-01 1.703400140133641272e-01
3.942051231861114502e-01 1.939765992307232179e-01
2.591425180435180664e-01 9.726360276370890623e-02
3.228701651096343994e-01 1.408602031363208329e-01
3.015673160552978516e-01 1.257909545987570821e-01
3.155007064342498779e-01 1.355973442175565646e-01
3.186126649379730225e-01 1.378138321183974002e-01
2.684075534343719482e-01 1.033052539546297638e-01
2.195361852645874023e-01 7.282073070899995615e-02
2.275897860527038574e-01 7.759551680698258125e-02
4.761705696582794189e-01 2.579952985874148230e-01
2.670883238315582275e-01 1.024382327232614548e-01
1.447843313217163086e-01 3.423294821052997455e-02
1.209285035729408264e-01 2.446557217925562216e-02
2.600797116756439209e-01 9.786924236816371692e-02
4.493043124675750732e-01 2.368167652549359459e-01
2.272460162639617920e-01 7.738974748959054351e-02
4.364643990993499756e-01 2.267456991355669693e-01
5.190026760101318359e-01 2.918864277851436762e-01
2.764373123645782471e-01 1.086309274020160337e-01
1.502292305231094360e-01 3.665139672818436972e-02
2.806570827960968018e-01 1.114613787640619247e-01
3.503759503364562988e-01 1.609174181004460469e-01
6.006377935409545898e-01 3.560003155844417844e-01
3.778474032878875732e-01 1.815042696159657465e-01
2.368784248828887939e-01 8.323143880514126403e-02
6.212002635002136230e-01 3.718975552468279377e-01
2.445169091224670410e-01 8.796482652695690463e-02
2.878434062004089355e-01 1.163305855001256911e-01
3.437967896461486816e-01 1.560643767818211125e-01
5.561645627021789551e-01 3.212210314118838506e-01
4.595149755477905273e-01 2.448517023509390322e-01
2.905117571353912354e-01 1.181533729138632693e-01
2.406661659479141235e-01 8.556772861062492130e-02
2.105855941772460938e-01 6.764037085214663625e-02
7.370892167091369629e-01 4.582936371903191253e-01
5.289805680513381958e-02 5.005675068887523518e-03
4.552081525325775146e-01 2.414601343075148399e-01
4.467500150203704834e-01 2.348100611479661259e-01
3.299899101257324219e-01 1.459916934183934367e-01
4.445348083972930908e-01 2.330709771191672441e-01
2.627709209918975830e-01 9.961612453503769504e-02
9.007646143436431885e-02 1.399828175650085979e-02
7.311257719993591309e-01 4.540052427039645289e-01
2.124207317829132080e-01 6.869134647710115060e-02
7.906657457351684570e-01 4.959330316780578563e-01
5.426145792007446289e-01 3.105445575795026669e-01
8.029261827468872070e-01 5.043121061635674751e-01
5.843135118484497070e-01 3.432899228845761042e-01
2.433880120515823364e-01 8.725947762333213786e-02
4.320692420005798340e-01 2.233083499098122704e-01
8.416466116905212402e-01 5.301741275276206089e-01
3.237711787223815918e-01 1.415073684659046704e-01
2.399337142705917358e-01 8.511420928949127440e-02
1.749984920024871826e-01 4.848156356011686791e-02
2.270686626434326172e-01 7.728358943083026011e-02
2.678451240062713623e-01 1.029349032892343530e-01
2.797247171401977539e-01 1.108340468645863108e-01
4.109854400157928467e-01 2.069060705538017797e-01
2.278907299041748047e-01 7.777565192332629163e-02
4.373732209205627441e-01 2.274571285388024555e-01
2.948972284793853760e-01 1.211671652720164166e-01
5.030360221862792969e-01 2.792494414767433542e-01
2.059073150157928467e-01 6.498821635650321726e-02
1.657900512218475342e-01 4.393020552804593332e-02
6.621959805488586426e-02 7.743721961906404640e-03
3.080128431320190430e-01 1.303031161131622262e-01
2.727019190788269043e-01 1.061434644438676855e-01
4.821981191635131836e-01 2.627600144394672821e-01
2.885584533214569092e-01 1.168180539548719782e-01
2.766904234886169434e-01 1.088000659969227402e-01
6.371085047721862793e-01 3.840979426530677920e-01
3.002555072307586670e-01 1.248775295451032136e-01
2.893834114074707031e-01 1.173817112146618574e-01
5.406725406646728516e-01 3.090121808031682238e-01
4.033840298652648926e-01 2.010336717225890690e-01
6.956006288528442383e-01 4.280771882795082472e-01
1.836404949426651001e-01 5.291155715675174148e-02
1.525090485811233521e-01 3.768477877998444719e-02
3.536018729209899902e-01 1.633083776548545363e-01
2.711107432842254639e-01 1.050890759496825866e-01
5.623155236244201660e-01 3.260575052751062408e-01
2.260922640562057495e-01 7.669917294347518288e-02
1.162928789854049683e-01 2.273110507455454454e-02
4.263746738433837891e-01 2.188633359836019421e-01
3.343364596366882324e-01 1.491455740606288105e-01
4.120500087738037109e-01 2.077303182481033128e-01
4.307186305522918701e-01 2.222531825401266314e-01
7.219174504280090332e-01 4.473466498087872445e-01
3.839706778526306152e-01 1.861562978082350328e-01
2.397207915782928467e-01 8.498237184839434188e-02
6.236675977706909180e-01 3.737956531240276825e-01
2.806329727172851562e-01 1.114451565647115727e-01
4.001533985137939453e-01 1.985454390349440101e-01
3.516125380992889404e-01 1.618328778233408538e-01
3.198637068271636963e-01 1.387073517354572849e-01
5.436831712722778320e-01 3.113875513231824099e-01
1.941785663366317749e-01 5.851098805516212475e-02
2.362553179264068604e-01 8.284920386872637876e-02
6.433743238449096680e-01 3.888776291832747312e-01
7.399562597274780273e-01 4.603483265911706979e-01
4.768920838832855225e-01 2.585654231606657194e-01
3.926591873168945312e-01 1.927919209759659525e-01
2.200563549995422363e-01 7.312562838749152305e-02
4.192965924739837646e-01 2.133531336351240648e-01
3.342203199863433838e-01 1.490611683958359690e-01
1.863367855548858643e-01 5.432333659283859750e-02
2.145087867975234985e-01 6.989392915775401172e-02
1.647821068763732910e-01 4.344282843033352853e-02
4.417573511600494385e-01 2.308922981655535389e-01
2.552469372749328613e-01 9.475757774951716617e-02
3.316866755485534668e-01 1.472211211183405699e-01
3.042930662631988525e-01 1.276938439216189769e-01
4.209128916263580322e-01 2.146099002221571184e-01
6.761339306831359863e-01 4.136072009381054904e-01
4.617651998996734619e-01 2.466250232899093731e-01
2.440662235021591187e-01 8.768323255673382555e-02
2.058791071176528931e-01 6.497232743979000635e-02
5.897732973098754883e-01 3.475490655240668914e-01
4.498585164546966553e-01 2.372523097093930666e-01
1.977363377809524536e-01 6.044874886700981470e-02
1.222953572869300842e-01 2.498739167555352400e-02
1.656383424997329712e-01 4.385653342989295767e-02
8.329174667596817017e-02 1.204868206814301186e-02
3.291987180709838867e-01 1.454192425321698401e-01
3.397862315177917480e-01 1.531226365946292689e-01
1.633666753768920898e-01 4.276133815313269693e-02
4.134018123149871826e-01 2.087777818268586327e-01
1.984833925962448120e-01 6.085928939401473448e-02
2.322606146335601807e-01 8.041269246974473706e-02
1.116352558135986328e+00 6.857727265372962622e-01
5.069366097450256348e-01 2.823371342036711806e-01
4.515798091888427734e-01 2.386055805117034412e-01
1.818903833627700806e-01 5.200237004824516396e-02
1.757229864597320557e-01 4.884770082356020698e-02
1.861259788274765015e-01 5.421229975604665435e-02
7.103786468505859375e-01 4.389406035709259579e-01
1.651379615068435669e-01 4.361419656515135024e-02
4.422161877155303955e-01 2.312520735013739170e-01
2.363046705722808838e-01 8.287947845523409296e-02
3.848525881767272949e-01 1.868281779146595822e-01
1.283466070890426636e-01 2.735399474619457441e-02
3.308368325233459473e-01 1.466048521060612231e-01
2.261335700750350952e-01 7.672387369722374895e-02
8.720816373825073242e-01 5.498431997722907916e-01
3.077612817287445068e-01 1.301260668226490724e-01
2.738991081714630127e-01 1.069385468717793802e-01
3.874006569385528564e-01 1.887711332254482788e-01
2.036702334880828857e-01 6.373329768130318873e-02
1.036640033125877380e-01 1.829188194769215334e-02
1.795907467603683472e-01 5.081727820339545371e-02
4.905015230178833008e-01 2.693284095120160315e-01
1.452776640653610229e-01 3.444966343064032044e-02
4.100196659564971924e-01 2.061586061036570772e-01
1.878874748945236206e-01 5.514213365038485304e-02
5.297421216964721680e-01 3.003792330594676763e-01
2.358246743679046631e-01 8.258503250698949472e-02
4.710151553153991699e-01 2.539229415769394538e-01
3.445571959018707275e-01 1.566238155019904210e-01
6.232468485832214355e-01 3.734722108697950960e-01
5.157485604286193848e-01 2.893115939753134747e-01
2.579254508018493652e-01 9.647832583853356569e-02
4.696405231952667236e-01 2.528376563783974462e-01
3.855493068695068359e-01 1.873589704642673603e-01
1.067489013075828552e-01 1.933676380497199865e-02
4.452549517154693604e-01 2.336362816520786423e-01
2.943147122859954834e-01 1.207654919103079566e-01
2.897883653640747070e-01 1.176586542211526809e-01
5.487143397331237793e-01 3.153542586191767083e-01
5.285911560058593750e-01 2.994694737971362875e-01
3.704913258552551270e-01 1.759441055569335444e-01
4.352652728557586670e-01 2.258072748447164657e-01
5.004645586013793945e-01 2.772138780125127933e-01
3.553561568260192871e-01 1.646117580709298145e-01
3.458037972450256348e-01 1.575412070395731112e-01
1.957646012306213379e-01 5.937163228539267534e-02
2.935674786567687988e-01 1.202512990724102088e-01
2.323468774557113647e-01 8.046510349160096442e-02
3.707043826580047607e-01 1.761047861826948724e-01
1.770055890083312988e-01 4.949706670802968972e-02
3.515606820583343506e-01 1.617944230892008062e-01
4.575646817684173584e-01 2.433154381978691050e-01
3.738150298595428467e-01 1.784525131331050618e-01
7.230579853057861328e-01 4.481736097387041817e-01
2.329852432012557983e-01 8.085295772831205263e-02
4.174602627754211426e-01 2.119264319403256491e-01
3.406869173049926758e-01 1.537823186381779283e-01
4.039686024188995361e-01 2.014844269743075733e-01
2.298303544521331787e-01 7.894219560492658772e-02
6.456686854362487793e-01 3.906240776647773583e-01
3.125473856925964355e-01 1.335029993772268997e-01
4.469487369060516357e-01 2.349661510483816163e-01
2.902156412601470947e-01 1.179508629261908637e-01
5.853268504142761230e-01 3.440810905822525578e-01
1.364009976387023926e-01 3.064361538028023690e-02
4.739740788936614990e-01 2.562598936338553179e-01
3.903129696846008301e-01 1.909962892593941308e-01
2.852367758750915527e-01 1.145572021651137667e-01
2.599651217460632324e-01 9.779519128923316873e-02
1.449723690748214722e-01 3.431555096410391498e-02
3.899529278278350830e-01 1.907209222734177756e-01
3.091149032115936279e-01 1.310790715842531096e-01
5.397666692733764648e-01 3.082972697211303625e-01
3.902886807918548584e-01 1.909777126437521566e-01
2.694842219352722168e-01 1.040144796032739377e-01
3.485895395278930664e-01 1.595965609323546364e-01
4.028647840023040771e-01 2.006332889160282185e-01
2.090406715869903564e-01 6.675982123189413975e-02
2.739653587341308594e-01 1.069826630578954857e-01
2.110112309455871582e-01 6.788333505133782586e-02
3.040992021560668945e-01 1.275580903022787982e-01
2.989564239978790283e-01 1.239754624336701361e-01
1.925976574420928955e-01 5.765764778571231403e-02
5.443850159645080566e-01 3.119410915619625357e-01
7.723342180252075195e-01 4.832387157899396546e-01
1.085130721330642700e-01 1.994580921437454774e-02
7.900841236114501953e-01 4.955332848639267262e-01
4.249629676342010498e-01 2.177629808496771568e-01
1.358939111232757568e-01 3.043221071334743788e-02
4.376392960548400879e-01 2.276654949379348647e-01
2.971903383731842041e-01 1.227515218693258775e-01
5.332051515579223633e-01 3.031157458570670760e-01
3.006840646266937256e-01 1.251759381661255999e-01
7.165852785110473633e-01 4.434705697998898577e-01
3.081780672073364258e-01 1.304194496303403006e-01
4.313612878322601318e-01 2.227550853945063913e-01
3.078653514385223389e-01 1.301992678850752427e-01
1.722660362720489502e-01 4.711299681857485794e-02
5.728452801704406738e-01 3.343195644518258125e-01
3.640278875827789307e-01 1.710864865649777966e-01
3.739609718322753906e-01 1.785627527688461724e-01
2.893045544624328613e-01 1.173277819244664816e-01
2.540598213672637939e-01 9.399801387404745079e-02
6.249831318855285645e-01 3.748069428241506129e-01
5.382149815559387207e-01 3.070723570893746923e-01
9.182268381118774414e-01 5.785272748499570294e-01
7.568374276161193848e-01 4.723562121617910226e-01
3.580985367298126221e-01 1.666540013812826404e-01
4.990796148777008057e-01 2.761175862447416418e-01
3.434562981128692627e-01 1.558143059911611950e-01
3.249263465404510498e-01 1.423374143803070313e-01
2.690683007240295410e-01 1.037405029887618485e-01
1.271377652883529663e-01 2.687317923495898334e-02
5.335003137588500977e-01 3.033489437029708302e-01
3.773203790187835693e-01 1.811049926665147802e-01
3.343211710453033447e-01 1.491344629223073648e-01
5.814559459686279297e-01 3.410578159368639062e-01
9.180727005004882812e-01 5.784338240375386242e-01
4.336493834853172302e-02 3.395178897970179983e-03
1.786740273237228394e-01 5.034695836148105758e-02
3.862258791923522949e-01 1.878749459993511728e-01
2.438940256834030151e-01 8.757564122197111778e-02
9.897530823945999146e-02 1.675172013461224962e-02
2.351591885089874268e-01 8.217808621826498683e-02
3.951366841793060303e-01 1.946908313253792044e-01
6.177650690078735352e-01 3.692512578337699414e-01
3.717293143272399902e-01 1.768778057263309944e-01
4.435215890407562256e-01 2.322760305823421134e-01
4.568788707256317139e-01 2.427754138771309189e-01
2.325924336910247803e-01 8.061429700156272360e-02
9.872802346944808960e-02 1.667197104292036589e-02
3.823001682758331299e-01 1.848851714208346597e-01
4.849046468734741211e-01 2.649005074844069108e-01
3.554598391056060791e-01 1.646889252499912082e-01
3.649069368839263916e-01 1.717453849673072075e-01
6.811319589614868164e-01 4.173390097543800414e-01
2.616464793682098389e-01 9.888516729167201591e-02
7.136191129684448242e-01 4.413080143269355604e-01
2.393782138824462891e-01 8.477031692230493909e-02
7.089159488677978516e-01 4.378701975554826764e-01
2.981742322444915771e-01 1.234326410440982208e-01
1.535720080137252808e-01 3.817012185171154981e-02
3.013387024402618408e-01 1.256317687481407486e-01
2.427337467670440674e-01 8.685199106973447158e-02
7.055388689041137695e-01 4.353946342780945500e-01
6.095935106277465820e-01 3.629406728648568725e-01
5.503254532814025879e-01 3.166236923047711649e-01
3.816892206668853760e-01 1.844205739670763677e-01
3.339668214321136475e-01 1.488769357592621689e-01
3.396084308624267578e-01 1.529925868571415382e-01
6.071891784667968750e-01 3.610797586865900355e-01
3.262646198272705078e-01 1.433012485520812618e-01
4.535146653652191162e-01 2.401274695792600666e-01
2.818016409873962402e-01 1.122328424973576960e-01
5.509083867073059082e-01 3.170829584393281553e-01
8.378869295120239258e-01 5.277037404419979705e-01
3.614006042480468750e-01 1.691194595912312026e-01
9.674210548400878906e-01 6.075695081526905073e-01
6.359550356864929199e-01 3.832164317930336073e-01
4.993354082107543945e-01 2.763200631002796781e-01
7.539843916893005371e-01 4.703379688017924609e-01
1.941670626401901245e-01 5.850474736104072787e-02
2.482804059982299805e-01 9.032864470856562245e-02
5.761746168136596680e-01 3.369269660955648837e-01
3.813719153404235840e-01 1.841794961346811810e-01
3.596102595329284668e-01 1.677817777020286227e-01
7.167185544967651367e-01 4.435675867320996724e-01
3.874513804912567139e-01 1.888098280340131108e-01
2.245305627584457397e-01 7.576916899088750879e-02
2.935049235820770264e-01 1.202082531358749928e-01
3.562872111797332764e-01 1.653047100229439459e-01
3.062113821506500244e-01 1.290377496429984394e-01
3.797459602355957031e-01 1.829444223435350292e-01
5.634757280349731445e-01 3.269688916107454379e-01
5.111333727836608887e-01 2.856590616100969093e-01
9.162904322147369385e-02 1.446245705200014178e-02
3.854384422302246094e-01 1.872745086504021272e-01
7.843410372734069824e-01 4.915755227304516306e-01
3.193383216857910156e-01 1.383316753229858476e-01
2.222031056880950928e-01 7.438962373711387188e-02
1.711543947458267212e-01 4.655988375065172463e-02
6.895861029624938965e-01 4.236254763095875231e-01
3.103601038455963135e-01 1.319570563536330843e-01
2.959077060222625732e-01 1.218646082896090443e-01
3.101105690002441406e-01 1.317808894869340608e-01
3.311054706573486328e-01 1.467996567377306827e-01
3.400056958198547363e-01 1.532831606085179044e-01
8.222977519035339355e-01 5.173661710406392000e-01
1.088252186775207520e+00 6.721248729607253170e-01
1.234519332647323608e-01 2.543167166416005973e-02
8.149818181991577148e-01 5.124631995229483872e-01
3.206000328063964844e-01 1.392338613005449921e-01
5.781742930412292480e-01 3.384917794477984576e-01
3.107181489467620850e-01 1.322098294023040244e-01
6.826301217079162598e-01 4.184554694132856523e-01
5.223661065101623535e-01 2.945471398905721294e-01
2.578216493129730225e-01 9.641151438114750616e-02
3.957596421241760254e-01 1.951689674997950374e-01
1.640458852052688599e-01 4.308828777303509716e-02
1.898059993982315063e-01 5.616140815269170250e-02
2.242966145277023315e-01 7.562985119714274451e-02
3.551126718521118164e-01 1.644307912857713438e-01
1.205102577805519104e-01 2.430692493142469143e-02
4.787017703056335449e-01 2.599957458844279756e-01
2.314604520797729492e-01 7.992754430309091662e-02
2.342720627784729004e-01 8.163647986480994378e-02
2.934879362583160400e-01 1.201965636724042635e-01
9.174573421478271484e-01 5.780604410760035172e-01
3.481268882751464844e-01 1.592547624984430588e-01
2.231451570987701416e-01 7.494740923492068663e-02
7.189840674400329590e-01 4.452159776318180273e-01
5.030226707458496094e-01 2.792388724390491017e-01
1.575279086828231812e-01 3.999904403607250358e-02
4.142633378505706787e-01 2.094455119041134517e-01
7.254305481910705566e-01 4.498921795679974300e-01
3.353537321090698242e-01 1.498863950489633390e-01
3.314820826053619385e-01 1.470727592594088251e-01
4.412379264831542969e-01 2.304850154734248424e-01
2.600128650665283203e-01 9.782604430053271072e-02
5.734881162643432617e-01 3.348232437595030642e-01
9.638466686010360718e-02 1.592765818101852041e-02
2.686626911163330078e-01 1.034733188583871477e-01
2.549301385879516602e-01 9.455449751237358924e-02
3.461942076683044434e-01 1.578290788353613194e-01
2.478516846895217896e-01 9.005840773971436619e-02
9.232369810342788696e-02 1.467284197158278368e-02
2.063366174697875977e-01 6.523003341435194835e-02
3.078508973121643066e-01 1.301890908006900771e-01
5.757793188095092773e-01 3.366175814412529776e-01
3.078883886337280273e-01 1.302154882690540749e-01
4.320691525936126709e-01 2.233082800384779687e-01
5.189083218574523926e-01 2.918117812291556867e-01
2.673807442188262939e-01 1.026301415046005916e-01
5.086907148361206055e-01 2.837256261356178033e-01
2.029736042022705078e-01 6.334437664892006437e-02
2.142187207937240601e-01 6.972669803815843836e-02
6.583840847015380859e-01 4.002641788761871489e-01
1.611569672822952271e-01 4.170764059560778253e-02
2.498836368322372437e-01 9.134188684422853144e-02
2.871785163879394531e-01 1.158773107439305533e-01
4.012137949466705322e-01 1.993615658130034884e-01
5.518225431442260742e-01 3.178029313178603044e-01
2.334965914487838745e-01 8.116363947403983092e-02
1.740906536579132080e-01 4.802552681282005326e-02
2.337952405214309692e-01 8.134537122597822190e-02
5.548278689384460449e-01 3.201691675243762969e-01
3.097060322761535645e-01 1.314952942345069264e-01
6.399198174476623535e-01 3.862443740359074451e-01
2.014019489288330078e-01 6.246979258522031286e-02
6.509003639221191406e-01 3.945983573755034723e-01
3.192991018295288086e-01 1.383036311821490283e-01
4.888338148593902588e-01 2.680088385431124709e-01
6.963073611259460449e-01 4.285990131608402587e-01
1.767558902502059937e-01 4.936991413272575485e-02
6.822685003280639648e-01 4.181861867784214537e-01
1.797246634960174561e-01 5.088598373686886722e-02
1.661796867847442627e-01 4.411941857416164237e-02
1.812244951725006104e-01 5.165821394140947265e-02
4.955356419086456299e-01 2.733124124197250926e-01
2.623352110385894775e-01 9.933234408109622993e-02
1.192578859627246857e-02 2.657323838724017168e-04
1.660175919532775879e-01 4.404070282092442667e-02
2.677452862262725830e-01 1.028693820481534210e-01
1.263777315616607666e-01 2.657397925849559750e-02
1.580796241760253906e-01 4.025720617248514099e-02
3.376286625862121582e-01 1.515453913257419627e-01
7.747106552124023438e-01 4.848954607386823934e-01
7.047808170318603516e-02 8.735222364847701482e-03
1.200893670320510864e-01 2.414727440988383850e-02
8.682541549205780029e-02 1.304767992712089694e-02
6.260705590248107910e-01 3.756422313720435557e-01
3.549789190292358398e-01 1.643314226745835327e-01
7.906907051801681519e-02 1.090357978203430542e-02
1.544486135244369507e-01 3.857270482453981769e-02
3.437190651893615723e-01 1.560072927886446414e-01
3.867717683315277100e-01 1.882913812569787237e-01
3.676604926586151123e-01 1.738134810474732395e-01
4.879116117954254150e-01 2.672792047036121610e-01
4.321179687976837158e-01 2.233464297869970638e-01
6.656496524810791016e-01 4.057424135322744707e-01
4.609739184379577637e-01 2.460013966668664620e-01
5.263514518737792969e-01 2.976988378210029818e-01
1.620152741670608521e-01 4.211606074173935427e-02
3.803628981113433838e-01 1.834128790433498801e-01
2.784267663955688477e-01 1.099627323281229668e-01
1.345266550779342651e-01 2.986391030903568986e-02
4.247242212295532227e-01 2.175769714673336519e-01
7.497165799140930176e-01 4.673102068481955751e-01
2.420094013214111328e-01 8.640144077822978219e-02
2.224290966987609863e-01 7.452320255917975478e-02
4.009858667850494385e-01 1.991860049117548381e-01
2.868008315563201904e-01 1.156200485756451735e-01
1.761735379695892334e-01 4.907539572889695056e-02
2.557747364044189453e-01 9.509591744846473960e-02
3.432669639587402344e-01 1.556752513099303459e-01
8.442714214324951172e-01 5.318933465778593606e-01
5.508950948715209961e-01 3.170724864201046045e-01
9.037898182868957520e-01 5.697020768644043276e-01
1.904098838567733765e-01 5.648397477500561453e-02
5.346091389656066895e-01 3.042248478478378204e-01
2.932727336883544922e-01 1.200484766272776477e-01
1.656459718942642212e-01 4.386023838169084837e-02
4.242976009845733643e-01 2.172445879561306359e-01
5.509551167488098145e-01 3.171197748656566229e-01
4.657932519912719727e-01 2.498015138005747759e-01
3.684075772762298584e-01 1.743751789887400816e-01
1.288309991359710693e-01 2.754696767087927087e-02
2.602383494377136230e-01 9.797175833517210441e-02
3.861546218395233154e-01 1.878205868411381707e-01
6.082842350006103516e-01 3.619275770504185585e-01
1.882785558700561523e-01 5.534928717187863334e-02
5.206058025360107422e-01 2.931547112392394183e-01
5.106439590454101562e-01 2.852716817341893751e-01
3.231662213802337646e-01 1.410726997257683857e-01
3.726340830326080322e-01 1.775604657968018196e-01
5.834931731224060059e-01 3.426493906059680516e-01
1.882477551698684692e-01 5.533291085787112040e-02
3.502747118473052979e-01 1.608424828470001455e-01
2.823953628540039062e-01 1.126336642069173805e-01
1.520226448774337769e-01 3.746268877315297313e-02
6.038594245910644531e-01 3.584997635221230938e-01
2.454080134630203247e-01 8.852245402303771105e-02
2.147194743156433105e-01 7.001545941557080210e-02
5.982250571250915527e-01 3.541264037107422213e-01
2.605555653572082520e-01 9.817740423826397389e-02
9.134042859077453613e-01 5.755944940135081511e-01
1.402702927589416504e-01 3.227958260653401162e-02
4.117657244205474854e-01 2.075102096633508753e-01
2.724625170230865479e-01 1.059846132114682649e-01
1.048873811960220337e-01 1.870295699978714171e-02
3.767812848091125488e-01 1.806965714530665568e-01
1.031042933464050293e-01 1.810471964286900284e-02
4.732865095138549805e-01 2.557167345726594210e-01
3.719165325164794922e-01 1.770190086216560099e-01
8.646442741155624390e-02 1.294421406950223979e-02
3.251708447933197021e-01 1.425135038034277546e-01
2.210456728935241699e-01 7.370755017924503216e-02
5.865720659494400024e-02 6.120666962033794074e-03
1.931839436292648315e-01 5.797361089042574189e-02
1.214362084865570068e-01 2.465815268746681180e-02
1.054648309946060181e-01 1.889901443676597972e-02
2.868126332759857178e-01 1.156280683766888057e-01
9.216616153717041016e-01 5.806069446050858840e-01
4.810480475425720215e-01 2.618506357252707861e-01
4.532727599143981934e-01 2.399371650394872268e-01
3.712843358516693115e-01 1.765421959794195583e-01
2.939002811908721924e-01 1.204803100172833485e-01
3.541444540023803711e-01 1.637114759024670962e-01
4.819114804267883301e-01 2.625333649325187757e-01
2.741151154041290283e-01 1.070823858807625067e-01
2.052524834871292114e-01 6.461936350654963468e-02
3.870141804218292236e-01 1.884763069754666065e-01
3.058688640594482422e-01 1.287972985907368806e-01
1.190003231167793274e-01 2.373757802602577405e-02
1.697297096252441406e-01 4.585602989231523513e-02
