# det_z, det_zpdf, Ntot_bin
1.219917833805084229e-01 2.487077866069345097e-02
8.498904854059219360e-02 1.252414635988791797e-02
1.135744675993919373e-01 2.173999993535709677e-02
1.021556481719017029e-01 1.778979641960789712e-02
6.634949892759323120e-02 7.772857467560174809e-03
1.455670148134231567e-01 3.457677178066002888e-02
3.044395335018634796e-02 1.693677009629801717e-03
1.177319064736366272e-01 2.326293533947119963e-02
6.174144148826599121e-02 6.761807834834984883e-03
3.301788493990898132e-02 1.988623515586767851e-03
8.848398923873901367e-02 1.352896596206812352e-02
1.412772983312606812e-01 3.271155579965003696e-02
1.577490568161010742e-01 4.010209422212487190e-02
5.077449232339859009e-02 4.621693402830652150e-03
1.144884899258613586e-01 2.207119302548383663e-02
4.089902713894844055e-02 3.027851679535963330e-03
1.002961322665214539e-01 1.717969794889456087e-02
8.496122807264328003e-02 1.251632512640187510e-02
6.456656008958816528e-02 7.373158325247085657e-03
8.391105383634567261e-02 1.222108717719871604e-02
8.059410005807876587e-02 1.131132912846058609e-02
5.785679444670677185e-02 5.960154373894330053e-03
9.767833352088928223e-02 1.633734429207105501e-02
6.124085560441017151e-02 6.655439917298424692e-03
4.222191497683525085e-02 3.222270767623992317e-03
3.722814098000526428e-02 2.517694607221710856e-03
6.124138832092285156e-02 6.655553112552062972e-03
9.057474881410598755e-02 1.414651403227773323e-02
2.847649529576301575e-02 1.484544136329313908e-03
6.655086576938629150e-02 7.818319514376207216e-03
9.329844266176223755e-02 1.496911591535956230e-02
5.179260298609733582e-02 4.804108007944746933e-03
7.851084321737289429e-02 1.075595173152489765e-02
1.178477630019187927e-01 2.330598657480267843e-02
1.230271533131599426e-01 2.526849930396329533e-02
7.870157063007354736e-02 1.080639124976992375e-02
1.009911596775054932e-01 1.740641759188615162e-02
6.568268686532974243e-02 7.623297990359078832e-03
5.712422356009483337e-02 5.813246497415107579e-03
5.674806982278823853e-02 5.739332628964026461e-03
1.267061084508895874e-01 2.670325030802649796e-02
5.247601866722106934e-02 4.928721164889089852e-03
9.784207493066787720e-02 1.638954280650755518e-02
1.337656080722808838e-01 2.955011399423546070e-02
1.330963671207427979e-01 2.927417132217179085e-02
3.883679583668708801e-02 2.735696619652874285e-03
4.563135281205177307e-02 3.750363546639931718e-03
3.978512063622474670e-02 2.867123027185312662e-03
5.150952562689781189e-02 4.752492037805872670e-03
5.952680110931396484e-02 6.298809613594267241e-03
4.121968150138854980e-02 3.074330134872045074e-03
2.512948587536811829e-02 1.160766392079822960e-03
4.718732088804244995e-02 4.005245997790139734e-03
4.885820671916007996e-02 4.287391868000490699e-03
6.842594593763351440e-02 8.249996365245187285e-03
4.265581816434860229e-02 3.287908435900916901e-03
8.715691417455673218e-02 1.314269357808840917e-02
1.153978630900382996e-01 2.240279993811383069e-02
6.400500237941741943e-02 7.250510304050467036e-03
2.675678022205829620e-02 1.313182905796566203e-03
1.103353425860404968e-01 2.058370157503797496e-02
4.821035638451576233e-02 4.177242572542229186e-03
1.065029129385948181e-01 1.925199150762565981e-02
1.059759110212326050e-01 1.907253781552063071e-02
1.314156353473663330e-01 2.858847702840475874e-02
7.660251110792160034e-02 1.025858141625643136e-02
5.935539305210113525e-02 6.263408637774762512e-03
1.454677879810333252e-01 3.453318261067438166e-02
4.577543959021568298e-02 3.773966338858770163e-03
8.683903515338897705e-02 1.305158357385113876e-02
9.709814935922622681e-02 1.615238954312057246e-02
3.455937653779983521e-02 2.174823815447948522e-03
2.215902209281921387e-01 7.402845158896718958e-02
4.789469391107559204e-02 4.123572770748986163e-03
1.077220663428306580e-01 1.967213509132375096e-02
5.853074416518211365e-02 6.095306512485157598e-03
1.101588010787963867e-01 2.052128822409628878e-02
9.754376113414764404e-02 1.629444446189623474e-02
5.490170419216156006e-02 5.381402931849865040e-03
4.318499937653541565e-02 3.367959059780765638e-03
5.083112418651580811e-02 4.631671887831380861e-03
1.566030085086822510e-01 3.956891805621056551e-02
3.576135635375976562e-02 2.325979206239951920e-03
1.024444624781608582e-01 1.788488133517017464e-02
1.123553216457366943e-01 2.130147573794811955e-02
2.034361660480499268e-02 7.647564139739686110e-04
3.768857195973396301e-02 2.578559058035626884e-03
7.911003381013870239e-02 1.091441287986278166e-02
3.416032716631889343e-02 2.124897980660987035e-03
4.611283540725708008e-02 3.829235000332165129e-03
7.913299649953842163e-02 1.092048556220315270e-02
5.121083930134773254e-02 4.698577360640178967e-03
6.805746257305145264e-02 8.165043794059934426e-03
1.516474038362503052e-01 3.729286330643944575e-02
1.214449629187583923e-01 2.466147338214048565e-02
1.081183999776840210e-01 1.980871924316948002e-02
8.174081146717071533e-02 1.162122823688470190e-02
1.436933577060699463e-01 3.375681296142434007e-02
4.028098285198211670e-02 2.938266920517285368e-03
4.745822027325630188e-02 4.049621907800008552e-03
7.664698362350463867e-02 1.027009218534382165e-02
1.024504825472831726e-01 1.788686329296024571e-02
9.352912753820419312e-02 1.504021436162998084e-02
9.499478340148925781e-02 1.549193818615611160e-02
9.168648719787597656e-02 1.447985467874956210e-02
7.366589456796646118e-02 9.514200534052233427e-03
9.106998890638351440e-02 1.429383979030175722e-02
1.053072363138198853e-01 1.884550743187621627e-02
4.040586575865745544e-02 2.956368544197000847e-03
1.232925504446029663e-01 2.537044732709081013e-02
4.210700839757919312e-02 3.204888549311034947e-03
6.549306213855743408e-02 7.580767003585685976e-03
9.029370546340942383e-02 1.406290827150709528e-02
1.049085408449172974e-01 1.871014118539072318e-02
1.472918838262557983e-01 3.533882763651437220e-02
4.304848611354827881e-02 3.347308341995765702e-03
2.403613179922103882e-02 1.063477258193234326e-03
6.178170815110206604e-02 6.770363971174726304e-03
7.256620377302169800e-02 9.242070097471098700e-03
7.937474548816680908e-02 1.098441817865287128e-02
7.020669430494308472e-02 8.670160678401232432e-03
4.401542991399765015e-02 3.495563538006128072e-03
1.290698349475860596e-01 2.764211548632967627e-02
7.738859951496124268e-02 1.046204375736939883e-02
5.892501026391983032e-02 6.174521505365230221e-03
1.672755926847457886e-01 4.465191092338623158e-02
4.756070673465728760e-02 4.066787352563212658e-03
7.066415995359420776e-02 8.780201690048635918e-03
1.404903680086135864e-01 3.237332510562492688e-02
7.433531433343887329e-02 9.681197502049470466e-03
8.820386976003646851e-02 1.344715178754372735e-02
1.185253933072090149e-01 2.355973424755495454e-02
1.487002819776535034e-01 3.596585763855211781e-02
6.515199691057205200e-02 7.504269381428380244e-03
1.076911836862564087e-01 1.966149233712879973e-02
7.453545928001403809e-02 9.731866779470084439e-03
3.944401815533638000e-02 2.819850327277626488e-03
3.981164842844009399e-02 2.870799460019643305e-03
8.110815286636352539e-02 1.145015037478247684e-02
6.894442439079284668e-02 8.372330405897450076e-03
4.397615417838096619e-02 3.489375271557534561e-03
4.331044852733612061e-02 3.386936080422323428e-03
8.088279515504837036e-02 1.138929196131051140e-02
7.671095430850982666e-02 1.028664964277125303e-02
3.980593010783195496e-02 2.870006969582809039e-03
1.377313435077667236e-01 3.120247019817357775e-02
3.637821227312088013e-02 2.405342384515104202e-03
8.921999484300613403e-02 1.374393027385876175e-02
1.197605803608894348e-01 2.402256042243316320e-02
1.268316805362701416e-01 2.675268385771098142e-02
1.150029897689819336e-01 2.225880764976214191e-02
2.275063889101147652e-03 1.077647315921844028e-05
1.344785690307617188e-01 2.984408338075929604e-02
6.120748072862625122e-02 6.648348195079186417e-03
1.011724993586540222e-01 1.746611916447593157e-02
1.445526331663131714e-01 3.413116596032622629e-02
1.424637436866760254e-01 3.322224221414989825e-02
1.310054659843444824e-01 2.842168648166747483e-02
7.212726026773452759e-02 9.133866154793711736e-03
1.439326554536819458e-01 3.386087824419279496e-02
1.109486222267150879e-01 2.080123586967328256e-02
5.249153450131416321e-02 4.931550302590153277e-03
6.624137610197067261e-02 7.748606566611077398e-03
6.100969389081001282e-02 6.606321092971141271e-03
5.690285563468933105e-02 5.769439683791477771e-03
9.694816917181015015e-02 1.610457791752987339e-02
4.042031988501548767e-02 2.958463652029751090e-03
6.706622987985610962e-02 7.936924073700101293e-03
5.827697739005088806e-02 6.044416777803062781e-03
8.450105041265487671e-02 1.238695430020158098e-02
6.863144785165786743e-02 8.298484165174353430e-03
3.909942880272865295e-02 2.772094388901616760e-03
5.231784284114837646e-02 4.899879583427588572e-03
7.927311956882476807e-02 1.095754232299983241e-02
5.508426576852798462e-02 5.415805133765543011e-03
8.347558230161666870e-02 1.209934907348242036e-02
3.754613548517227173e-02 2.559730355837577798e-03
5.316220223903656006e-02 5.053839015545771342e-03
7.529580593109130859e-02 9.924358351495868313e-03
7.499641925096511841e-02 9.848564747855450066e-03
9.241154044866561890e-02 1.469944612454979552e-02
3.944951295852661133e-02 2.820611840889568258e-03
7.382965832948684692e-02 9.554725656317123936e-03
2.144661359488964081e-02 8.488889469448983706e-04
7.886125892400741577e-02 1.084862220389100872e-02
5.535775423049926758e-02 5.468905338178150881e-03
5.902459472417831421e-02 6.195088724473440944e-03
9.119090437889099121e-02 1.432981014876379827e-02
9.299537539482116699e-02 1.487626784046565745e-02
7.637548446655273438e-02 1.019982037674196061e-02
9.436127543449401855e-02 1.529668727570196798e-02
5.869249999523162842e-02 6.127744609514389554e-03
7.503212243318557739e-02 9.857603469420411768e-03
1.235021427273750305e-01 2.545096906854172128e-02
7.245416194200515747e-02 9.214344128926082664e-03
7.993931323289871216e-02 1.113450230895550626e-02
2.432298101484775543e-02 1.088251580099477717e-03
1.367665678262710571e-01 3.079602180678221723e-02
9.007342159748077393e-02 1.399737745517283527e-02
1.106933578848838806e-01 2.071069194017854595e-02
4.257043451070785522e-02 3.274992227642431388e-03
6.077915057539939880e-02 6.557457858533021627e-03
5.388922244310379028e-02 5.190609215777255113e-03
9.554653614759445190e-02 1.566489261269397859e-02
1.163792535662651062e-01 2.276302706117160415e-02
1.566677242517471313e-01 3.959901419326030542e-02
4.729656875133514404e-02 4.023141842575538897e-03
1.125999763607978821e-01 2.138947751676948186e-02
2.679320983588695526e-02 1.316812939369548397e-03
7.824617624282836914e-02 1.068595825495870233e-02
9.630807489156723022e-02 1.590364553974290759e-02
1.259463932365179062e-02 2.962577590418053949e-04
2.898354269564151764e-02 1.538252224261448323e-03
1.524114161729812622e-01 3.764020020867264033e-02
7.229999452829360962e-02 9.176193727201555073e-03
1.230409592390060425e-01 2.527380262747625991e-02
5.987275019288063049e-02 6.370258618625091428e-03
9.218185395002365112e-02 1.462988269557040366e-02
3.667251765727996826e-02 2.444246664129339375e-03
1.049742102622985840e-01 1.873243745719000569e-02
1.995277851819992065e-01 6.143332719175329665e-02
4.230585321784019470e-02 3.234968324538486321e-03
5.702236667275428772e-02 5.792820379891944899e-03
1.001293212175369263e-01 1.712564727546657395e-02
9.963066875934600830e-02 1.696407223990499188e-02
6.621912866830825806e-02 7.743616683050300389e-03
6.129758432507514954e-02 6.667494024448167821e-03
9.004133194684982300e-02 1.398783131345763230e-02
1.626117825508117676e-01 4.240088613847647903e-02
5.516355484724044800e-02 5.431132034492108795e-03
4.818787425756454468e-02 4.173420099493049817e-03
1.106713265180587769e-01 2.070287727045156886e-02
6.089424341917037964e-02 6.581789385939508866e-03
8.030492067337036133e-02 1.123323551249578479e-02
2.329240739345550537e-02 9.992439717339746726e-04
1.541634052991867065e-01 3.844126942813221037e-02
4.151022061705589294e-02 3.116443422239066618e-03
9.631887823343276978e-02 1.590703253680999379e-02
1.256590038537979126e-01 2.629104008655640604e-02
7.276814430952072144e-02 9.292042477537867246e-03
7.548023760318756104e-02 9.971049610598347115e-03
9.658508002758026123e-02 1.599049048040302595e-02
3.097590617835521698e-02 1.753667715641878426e-03
8.446301519870758057e-02 1.237626137118544647e-02
1.119371727108955383e-01 2.115188118385824545e-02
1.614496558904647827e-01 4.184619204271066567e-02
5.236148461699485779e-02 4.907837170022535944e-03
5.559682101011276245e-02 5.515405702474104194e-03
4.936491325497627258e-02 4.373543506642296394e-03
3.421928733587265015e-02 2.132055779297200009e-03
9.425605833530426025e-02 1.526425874207265262e-02
1.344760060310363770e-01 2.984302659995249560e-02
1.509831696748733521e-01 3.699241764813344935e-02
7.476754486560821533e-02 9.790622242063696037e-03
9.388202428817749023e-02 1.514897923171584088e-02
8.241999894380569458e-02 1.180841935059691837e-02
2.727540582418441772e-02 1.364861420874453543e-03
1.081672981381416321e-01 1.982557048461253829e-02
3.744163364171981812e-02 2.545916239084349605e-03
1.135330423712730408e-01 2.172509936921990931e-02
1.047491282224655151e-01 1.865601694765332830e-02
1.076524034142494202e-01 1.964812791358604149e-02
6.120306625962257385e-02 6.647410178466863981e-03
6.939083337783813477e-02 8.477659788123391438e-03
5.176937952637672424e-02 4.799873471467332696e-03
7.067604362964630127e-02 8.783074243549956334e-03
1.638999134302139282e-01 4.301799246510513292e-02
5.659266933798789978e-02 5.709106015435094425e-03
7.926194369792938232e-02 1.095458676702625728e-02
6.476971507072448730e-02 7.418527273049297863e-03
7.514707744121551514e-02 9.886705813958351213e-03
4.407741874456405640e-02 3.505330469022403458e-03
1.350000351667404175e-01 3.005955330061461928e-02
6.867219507694244385e-02 8.308098398290610434e-03
7.601764053106307983e-02 1.010720005030566089e-02
5.478435382246971130e-02 5.359289236332056075e-03
7.072720676660537720e-02 8.795441531884483702e-03
1.128001809120178223e-01 2.146149066653069148e-02
8.963830769062042236e-02 1.386793824547517991e-02
7.420207560062408447e-02 9.647466396509773306e-03
1.243641078472137451e-01 2.578620235045747666e-02
9.599081426858901978e-02 1.580417994725281244e-02
8.195769041776657104e-02 1.168100232533508982e-02
5.264220759272575378e-02 4.959023844836782900e-03
4.755703359842300415e-02 4.066162835839685560e-03
4.280062764883041382e-02 3.309814144776303257e-03
1.040675118565559387e-01 1.842681181077818545e-02
6.990196555852890015e-02 8.598260489252407615e-03
1.065739095211029053e-01 1.927645828801738750e-02
6.832693517208099365e-02 8.227059518881413638e-03
7.179082185029983521e-02 9.052541373661644047e-03
1.146882027387619019e-01 2.214401917860497199e-02
1.349015980958938599e-01 3.001851482780362387e-02
1.007249802350997925e-01 1.731878464138109780e-02
8.325736224651336670e-02 1.203920536271862150e-02
1.695832461118698120e-01 4.578373351603383379e-02
1.024787425994873047e-01 1.789616721115051823e-02
1.114239916205406189e-01 2.096985249888879202e-02
3.637088835239410400e-02 2.404374234168004353e-03
2.039345502853393555e-01 6.388128635963072344e-02
5.497110635042190552e-02 5.394481188016234108e-03
9.386396408081054688e-02 1.514341296875609984e-02
6.567865610122680664e-02 7.622393929070940717e-03
8.434976637363433838e-02 1.234442346304730036e-02
1.371036171913146973e-01 3.093791778832593459e-02
1.460362374782562256e-01 3.478289572925261086e-02
9.856598079204559326e-02 1.662031406105389519e-02
4.560244455933570862e-02 3.745628098384639823e-03
6.290134042501449585e-03 7.537170794772918747e-05
7.169212400913238525e-02 9.028683871321833282e-03
1.240681633353233337e-01 2.567110436365663967e-02
9.374956786632537842e-02 1.510815537738486973e-02
1.216274425387382507e-01 2.473082300871965594e-02
4.429851844906806946e-02 3.540166834572101504e-03
3.965595364570617676e-02 2.849222036360324686e-03
9.567172080278396606e-02 1.570413973319133641e-02
1.368838548660278320e-01 3.084529995277465741e-02
8.242612332105636597e-02 1.181010729249482721e-02
9.119208157062530518e-02 1.433016034388592645e-02
1.022312864661216736e-01 1.781469844372275332e-02
7.973419129848480225e-02 1.107947674024562998e-02
1.475788950920104980e-01 3.546616449657681580e-02
1.103928312659263611e-01 2.060409318532318082e-02
7.534578442573547363e-02 9.937011052718274992e-03
1.746552735567092896e-01 4.830867397367950844e-02
4.107634350657463074e-02 3.053553468871854186e-03
1.154015064239501953e-01 2.240412849580367474e-02
1.119911000132560730e-01 2.117100955027145445e-02
1.160896569490432739e-01 2.265599905307891931e-02
1.580555140972137451e-01 4.024589301274465736e-02
