# det_z, det_zpdf, Ntot_bin
1.080458983778953552e-01 1.978373380503411355e-02
4.728489369153976440e-02 4.021229356128104733e-03
1.878850162029266357e-01 5.514083540876187073e-02
7.560478150844573975e-02 1.000257950827779588e-02
1.333542317152023315e-01 2.938049453066978248e-02
6.712220609188079834e-02 7.949806293910888916e-03
1.122217699885368347e-01 2.125343749190332365e-02
1.644443571567535400e-01 4.328017903777121173e-02
2.216839939355850220e-01 7.408371189356935393e-02
5.820437520742416382e-02 6.029857323322449988e-03
1.673964560031890869e-01 4.471108930983302282e-02
1.558442860841751099e-01 3.921607324613420043e-02
1.749856770038604736e-01 4.847508725311231587e-02
1.850750148296356201e-01 5.366125314293117982e-02
1.213628202676773071e-01 2.463031537467048199e-02
6.501965224742889404e-02 7.474585757285682683e-03
1.758557707071304321e-01 4.891480590695271302e-02
1.763499975204467773e-01 4.916457297023171108e-02
6.601047515869140625e-02 7.696817724872276681e-03
1.181980371475219727e-01 2.343715138336895445e-02
1.526603251695632935e-01 3.775385107179723282e-02
9.694544970989227295e-02 1.610371099038926043e-02
7.066864520311355591e-02 8.781285876385810929e-03
8.018907159566879272e-02 1.120195017936933927e-02
1.356769949197769165e-01 3.034177822035476202e-02
1.193386167287826538e-01 2.386425656457791256e-02
1.582543551921844482e-01 4.033919511631513244e-02
1.185659915208816528e-01 2.357493678816877797e-02
2.185481339693069458e-01 7.224158408450868929e-02
8.897881954908370972e-02 1.367349048266917888e-02
2.087533771991729736e-01 6.659689445434306687e-02
9.243709594011306763e-02 1.470718592477683953e-02
8.678557723760604858e-02 1.303626154688752870e-02
1.156040802597999573e-01 2.247799793349106526e-02
3.892911598086357117e-02 2.748491080894326002e-03
3.363837674260139465e-02 2.062637926591659281e-03
1.633022278547286987e-01 4.273056525610569034e-02
1.321614831686019897e-01 2.889256603681734578e-02
1.353927552700042725e-01 3.022327854296001648e-02
1.251047551631927490e-01 2.607425302067971698e-02
1.392316371202468872e-01 3.183716041043856831e-02
7.347117364406585693e-02 9.466014725572118038e-03
7.772476971149444580e-02 1.054905429535282421e-02
1.171859875321388245e-01 2.306117670896958363e-02
1.426122635602951050e-01 3.328666909629361681e-02
1.486998945474624634e-01 3.596568406650257205e-02
6.313381344079971313e-02 7.060236717783873253e-03
9.974524378776550293e-02 1.700119722342259207e-02
1.682268977165222168e-01 4.511769903448836772e-02
1.194199100136756897e-01 2.389469791540144508e-02
1.074028387665748596e-01 1.956212316219541406e-02
1.419139057397842407e-01 3.298557326991872346e-02
1.450756490230560303e-01 3.436092061978352624e-02
1.244175881147384644e-01 2.580700176007093977e-02
1.225023493170738220e-01 2.506690432198480437e-02
3.476540744304656982e-02 2.200733303764047192e-03
1.211980208754539490e-01 2.456780435723474737e-02
1.066348403692245483e-01 1.929745622379696116e-02
1.401947736740112305e-01 3.224741475594204709e-02
7.717293500900268555e-02 1.040622356604696541e-02
1.341637223958969116e-01 2.971426523153340368e-02
1.772327274084091187e-01 4.961273100983538270e-02
1.899957656860351562e-01 5.626230431083671657e-02
9.419811517000198364e-02 1.524640031507681730e-02
1.604988873004913330e-01 4.139612203546091940e-02
1.175184994935989380e-01 2.318406520553930455e-02
1.753391176462173462e-01 4.865370530641574542e-02
4.493768885731697083e-02 3.640874223757708649e-03
8.302168548107147217e-02 1.197425040150859599e-02
1.728859692811965942e-01 4.742145331332434099e-02
2.082349359989166260e-01 6.630312680333405595e-02
8.905223757028579712e-02 1.369493359982648997e-02
5.491284653544425964e-02 5.383502613234385226e-03
9.240062534809112549e-02 1.469614034981725319e-02
4.867044463753700256e-02 4.255468042544858359e-03
1.917947679758071899e-01 5.722533131572962728e-02
1.285247653722763062e-01 2.742496974504190707e-02
1.260013729333877563e-01 2.642581939562851229e-02
3.935483470559120178e-02 2.807490574145500399e-03
1.896171569824218750e-01 5.606100320473946658e-02
1.246052309870719910e-01 2.587997934869104219e-02
6.453372538089752197e-02 7.365987001668872561e-03
1.591248065233230591e-01 4.074763654168003790e-02
1.820995062589645386e-01 5.211045264057251325e-02
1.636807769536972046e-01 4.291246339217557465e-02
8.710100501775741577e-02 1.312666898013232185e-02
1.310703158378601074e-01 2.844782502531250507e-02
2.037594765424728394e-01 6.378326409208814884e-02
1.496427208185195923e-01 3.638807832493128058e-02
1.427463293075561523e-01 3.334497131617454591e-02
5.807184800505638123e-02 6.003280659914999109e-03
2.073221355676651001e-01 6.578590086065011500e-02
1.500016301870346069e-01 3.654887280129545668e-02
7.533343136310577393e-02 9.933883715415538565e-03
1.628285050392150879e-01 4.250436845393561897e-02
1.666344851255416870e-01 4.434027567147300758e-02
2.507471740245819092e-01 9.188854960006495598e-02
4.323165491223335266e-02 3.375016764502810664e-03
9.682105481624603271e-02 1.606447183978836069e-02
7.491459697484970093e-02 9.827850382198851514e-03
1.847430467605590820e-01 5.348719401197814943e-02
1.585575789213180542e-01 4.048147662902163574e-02
8.496032655239105225e-02 1.251607167989630259e-02
2.242949455976486206e-01 7.562885733772239938e-02
1.107734963297843933e-01 2.073911757006808090e-02
1.278644502162933350e-01 2.716191227398788433e-02
1.006244122982025146e-01 1.728606834158340558e-02
6.101491302251815796e-02 6.607430089826722523e-03
2.879177033901214600e-01 1.163812360589421141e-01
2.006708383560180664e-01 6.206546372582179283e-02
2.030629366636276245e-01 6.339408777094183989e-02
2.862917445600032806e-02 1.500608259196461449e-03
2.199218869209289551e-01 7.304680987452291663e-02
1.149933934211730957e-01 2.225530829944615679e-02
5.998988077044487000e-02 6.394449644481756123e-03
6.585840135812759399e-02 7.662709046587269819e-03
7.028482109308242798e-02 8.688594550856356194e-03
1.042706221342086792e-01 1.849473017921107743e-02
1.305346339941024780e-01 2.823191176577776254e-02
1.368206441402435303e-01 3.081866007900136567e-02
1.888578534126281738e-01 5.565729180823870276e-02
1.341990530490875244e-01 2.972883283207363586e-02
1.234732568264007568e-01 2.543986276609967387e-02
1.468730717897415161e-01 3.515301538435119250e-02
1.623835861682891846e-01 4.229192518007843238e-02
1.040754690766334534e-01 1.842947263824182974e-02
8.650799840688705444e-02 1.295670232228038517e-02
8.854869753122329712e-02 1.354786523875893371e-02
5.263345688581466675e-02 4.957428251929268080e-03
1.350771039724349976e-01 3.009168333109879176e-02
2.030580639839172363e-01 6.339137625519519759e-02
1.721771657466888428e-01 4.706877802342340766e-02
6.034846231341362000e-02 6.468507636494323469e-03
9.212760627269744873e-02 1.461345310797474394e-02
1.997380256652832031e-01 6.154959535271449511e-02
1.449667364358901978e-01 3.431307661266157216e-02
2.039188742637634277e-01 6.387250949134790079e-02
8.590504527091979980e-02 1.278388480644985364e-02
9.426381438970565796e-02 1.526664920401204530e-02
1.344632506370544434e-01 2.983776727221633396e-02
4.376344010233879089e-02 3.455860141687983229e-03
1.619934588670730591e-01 4.210564420503472294e-02
1.137292385101318359e-01 2.179567070161029033e-02
1.054024919867515564e-01 1.887784891530642009e-02
9.125182032585144043e-02 1.434821037984409381e-02
1.744312345981597900e-01 4.819632229218464431e-02
1.339226812124252319e-01 2.961487868309864088e-02
1.039402335882186890e-01 1.838425102841733869e-02
1.026677191257476807e-01 1.795873289562225500e-02
1.548755168914794922e-01 3.876943902891188953e-02
1.381264030933380127e-01 3.136896626924324388e-02
1.227300912141799927e-01 2.515438769479687309e-02
6.304351985454559326e-02 7.040515984758148951e-03
1.304338574409484863e-01 2.819129251700218039e-02
1.254034787416458130e-01 2.619044835640457411e-02
8.280188590288162231e-02 1.191367135779789095e-02
1.291662901639938354e-01 2.768054147893077993e-02
2.247168868780136108e-01 7.588012629617314764e-02
1.147044003009796143e-01 2.214992569070664552e-02
1.241888031363487244e-01 2.571802328821239450e-02
1.072297766804695129e-01 1.950248265690219737e-02
1.129313409328460693e-01 2.150866864607728010e-02
8.006529510021209717e-02 1.116852402725475660e-02
2.011633366346359253e-01 6.233782739354654101e-02
1.438023447990417480e-01 3.380420903080402772e-02
1.575667411088943481e-01 4.001710310426306871e-02
3.336568176746368408e-02 2.030109925607226709e-03
1.337841451168060303e-01 2.955775722286137913e-02
1.784587651491165161e-01 5.023705872904869751e-02
6.071767956018447876e-02 6.544762224741887402e-03
1.718959957361221313e-01 4.692887788162045798e-02
9.819129854440689087e-02 1.650087050221978741e-02
2.273699045181274414e-01 7.746390293409845251e-02
5.087040364742279053e-02 4.638592894662567530e-03
1.622403711080551147e-01 4.222354175503182511e-02
2.536222338676452637e-01 9.371865641966539706e-02
1.494052261114120483e-01 3.628167865855694979e-02
5.509167164564132690e-02 5.417200709356457741e-03
1.344935745000839233e-01 2.985027046373863596e-02
1.658203005790710449e-01 4.394489508302585473e-02
1.315492987632751465e-01 2.864297283096326613e-02
3.600369766354560852e-02 2.356454922137452782e-03
9.546827524900436401e-02 1.564035673876799926e-02
1.078820079565048218e-01 1.972725403084198137e-02
7.172448188066482544e-02 9.036505501325743303e-03
1.167854219675064087e-01 2.291313722251284504e-02
7.809272408485412598e-02 1.064537650107087209e-02
2.068905532360076904e-01 6.554205379992879277e-02
8.958262205123901367e-02 1.385137268634367008e-02
1.367875188589096069e-01 3.080475630462845352e-02
8.937992900609970093e-02 1.379107484901790498e-02
1.233511716127395630e-01 2.539296570237413453e-02
5.417099967598915100e-02 5.243707778212466052e-03
1.334861367940902710e-01 2.943488187777317661e-02
8.281489461660385132e-02 1.191725669423797374e-02
1.234542801976203918e-01 2.543257320053706264e-02
1.127542406320571899e-01 2.144496604588286975e-02
1.303807646036148071e-01 2.816989278561264631e-02
1.213701367378234863e-01 2.463309062758073723e-02
2.484334446489810944e-02 1.134148174583171024e-03
6.946907937526702881e-02 8.496121787791873978e-03
1.886958777904510498e-01 5.557117156960216658e-02
1.294138282537460327e-01 2.778015700961861470e-02
1.080884709954261780e-01 1.979840514338633561e-02
6.280121952295303345e-02 6.987595945255751367e-03
1.256609410047531128e-01 2.629180267839916971e-02
9.801848232746124268e-02 1.644577906379076498e-02
3.534094989299774170e-02 2.273110845204108152e-03
7.121604681015014648e-02 8.913605235818758410e-03
1.259595751762390137e-01 2.640936501009807577e-02
2.340341918170452118e-02 1.008831732925721597e-03
1.263286173343658447e-01 2.655464462223594904e-02
1.219777911901473999e-01 2.486540378667437615e-02
2.525266408920288086e-01 9.301968747052383191e-02
2.311537861824035645e-01 7.974213395901445789e-02
5.575365573167800903e-02 5.545911286306492126e-03
1.732929795980453491e-01 4.762550700157285738e-02
8.078947663307189941e-02 1.136409106109771867e-02
1.352892965078353882e-01 3.018014652407919468e-02
7.754235714673995972e-02 1.050184066500157824e-02
1.395275890827178955e-01 3.196322309406268020e-02
3.373467922210693359e-02 2.074125219845147309e-03
2.205953449010848999e-01 7.344217251114046330e-02
6.444901227951049805e-02 7.347485084472529619e-03
7.185501605272293091e-02 9.068058565490722325e-03
9.715760499238967896e-02 1.617134318307157995e-02
4.880251362919807434e-02 4.277922775691421660e-03
1.082001402974128723e-01 1.983688852091925955e-02
7.026912271976470947e-02 8.684890548447149472e-03
1.481888890266418457e-01 3.573679747012524499e-02
1.638459861278533936e-01 4.299202281224697580e-02
6.403420120477676392e-02 7.256887525993516164e-03
4.914465174078941345e-02 4.336094038290053826e-03
1.715846061706542969e-01 4.677394157003764152e-02
8.613847941160202026e-02 1.285079134676997414e-02
9.011817723512649536e-02 1.401069151908813926e-02
1.887700408697128296e-01 5.561060307168993327e-02
1.394797563552856445e-01 3.194284842942175795e-02
1.078520789742469788e-01 1.971693993105884044e-02
1.148611232638359070e-01 2.220707540646501416e-02
1.420746743679046631e-01 3.305477355283452379e-02
1.190035864710807800e-01 2.373880003241022121e-02
2.371229231357574463e-01 8.338142232428932821e-02
1.255243420600891113e-01 2.623802822130202536e-02
7.703070342540740967e-02 1.036940993195779176e-02
1.953694075345993042e-01 5.915701306993609299e-02
1.534387767314910889e-01 3.810928897532284143e-02
2.121830433607101440e-01 6.855508904764401334e-02
1.841443181037902832e-01 5.317384601659103788e-02
2.880709618330001831e-02 1.519508596578709103e-03
1.976262927055358887e-01 6.038827410353729552e-02
1.773638874292373657e-01 4.967952082709534839e-02
2.416650652885437012e-01 8.618726023644640577e-02
9.658056497573852539e-02 1.598907494921499028e-02
7.651629298925399780e-02 1.023626568164773959e-02
1.162229478359222412e-01 2.270526018829665399e-02
1.196315363049507141e-01 2.397394419244218769e-02
1.902162879705429077e-01 5.638033897288929203e-02
1.601230651140213013e-01 4.121821723720301561e-02
1.390178203582763672e-01 3.174608375531937088e-02
6.196051836013793945e-02 6.808358789212585506e-03
1.726912856101989746e-01 4.732458568108863922e-02
9.506224095821380615e-02 1.551305937382664764e-02
2.377913445234298706e-01 8.379229583912257973e-02
1.275058388710021973e-01 2.701904807841579506e-02
1.167965978384017944e-01 2.291726755805374022e-02
1.381839513778686523e-01 3.139321973282468287e-02
1.482631415128707886e-01 3.577001495987490454e-02
1.861592233180999756e-01 5.422973067090239990e-02
5.936832726001739502e-02 6.266079944999949740e-03
8.346986025571823120e-02 1.209777201827853636e-02
1.903049349784851074e-01 5.642779351312866842e-02
1.115270107984542847e-01 2.100639407424046562e-02
1.306843608617782593e-01 2.829226105036996425e-02
1.063752919435501099e-01 1.920813678914539552e-02
1.195640787482261658e-01 2.394868381389244488e-02
1.704934239387512207e-01 4.623300963360880977e-02
9.456922113895416260e-02 1.536077737438446174e-02
8.235264569520950317e-02 1.178985609663451943e-02
2.396662533283233643e-01 8.494860286285198236e-02
1.312102228403091431e-01 2.850472846226551754e-02
5.406521260738372803e-02 5.223773090055923787e-03
7.370087504386901855e-02 9.522856832916367503e-03
1.021103635430335999e-01 1.777488758365733737e-02
1.569507867097854614e-01 3.973065274251125906e-02
1.273010373115539551e-01 2.693745888603056929e-02
1.209150999784469604e-01 2.446048798375099337e-02
4.212618246674537659e-02 3.207789060825276626e-03
8.406489342451095581e-02 1.226433646188532581e-02
1.288700550794601440e-01 2.756252684384504978e-02
1.381700932979583740e-01 3.138737930788145641e-02
8.134686201810836792e-02 1.151461437812919750e-02
1.482098400592803955e-01 3.574613545136561682e-02
6.192725151777267456e-02 6.801290022674155722e-03
1.365583389997482300e-01 3.070921108636731969e-02
8.875594288110733032e-02 1.360839515015001971e-02
6.452049314975738525e-02 7.363096992439259643e-03
3.600196912884712219e-02 2.356237549653840413e-03
2.275740206241607666e-01 7.758608013867737685e-02
1.201462224125862122e-01 2.416884055546239529e-02
4.804104194045066833e-02 4.148455265154456229e-03
1.277555674314498901e-01 2.711853536560904221e-02
1.381463706493377686e-01 3.137738150518294689e-02
8.662092685699462891e-02 1.298906970383960878e-02
9.197769314050674438e-02 1.456805004081195877e-02
5.859950184822082520e-02 6.109095000932419223e-03
1.328067332506179810e-01 2.915564042281382912e-02
4.530193284153938293e-02 3.698264334758151039e-03
1.856000870466232300e-01 5.393656159061015198e-02
8.978492766618728638e-02 1.391155526957860676e-02
1.413566470146179199e-01 3.274571017044683452e-02
8.586138486862182617e-02 1.277137092798201305e-02
6.490587443113327026e-02 7.449066496784465842e-03
2.035788446664810181e-01 6.368212987409929693e-02
1.170008629560470581e-01 2.299275907751318140e-02
1.278401315212249756e-01 2.715222415102712394e-02
8.257670700550079346e-02 1.185160971791895078e-02
4.365774244070053101e-02 3.439472137625882754e-03
1.776656508445739746e-01 4.983318597016869744e-02
8.636592328548431396e-02 1.291598096588051324e-02
1.642996631562709808e-02 5.012528768121513045e-04
1.145547181367874146e-01 2.209534343306054915e-02
1.423144936561584473e-01 3.315799992722019002e-02
1.490313261747360229e-01 3.611416827904478932e-02
1.374618858098983765e-01 3.108890847317536191e-02
1.150070577859878540e-01 2.226029107000478818e-02
1.917946338653564453e-01 5.722525952368690688e-02
4.900909215211868286e-02 4.313045824240907891e-03
1.846675872802734375e-01 5.344762872608416204e-02
1.278224885463714600e-01 2.714519551280069123e-02
1.847947090864181519e-01 5.351428185680327798e-02
1.516689360141754150e-01 3.730260271724912535e-02
1.614377051591873169e-01 4.184053486622270335e-02
8.678144961595535278e-02 1.303507849421326435e-02
6.905338168144226074e-02 8.398038678907534388e-03
1.017303019762039185e-01 1.764976178065075577e-02
9.122817218303680420e-02 1.434104824400717244e-02
1.658360958099365234e-01 4.395256549104492594e-02
1.550944745540618896e-01 3.887034350721979559e-02
7.157561928033828735e-02 9.000522041164995407e-03
4.730747267603874207e-02 4.024928009720285874e-03
1.000765413045883179e-01 1.710854535172885368e-02
1.522233337163925171e-01 3.755432250307167569e-02
6.886165589094161987e-02 8.352801330072162286e-03
7.559854537248611450e-02 1.000100074994100981e-02
7.403971254825592041e-02 9.606705855225862456e-03
7.172192633152008057e-02 9.035887767249910565e-03
2.994593977928161621e-02 1.640486110209793359e-03
1.358838081359863281e-01 3.042799877199626329e-02
1.626504212617874146e-01 4.241933564645128385e-02
5.358886346220970154e-02 5.134009078368461168e-03
1.265448331832885742e-01 2.663976160407074620e-02
1.639025509357452393e-01 4.301926260286581538e-02
5.691065266728401184e-02 5.770956267804807673e-03
9.396502375602722168e-02 1.517456015967438669e-02
1.443050056695938110e-01 3.402280509429667088e-02
1.660563051700592041e-01 4.405950255680513017e-02
6.855645775794982910e-02 8.280790390020737607e-03
1.417609155178070068e-01 3.291972107743595943e-02
1.166169270873069763e-01 2.285086553034129317e-02
7.167854905128479004e-02 9.025402496726593962e-03
7.933887094259262085e-02 1.097493084397769755e-02
6.853718310594558716e-02 8.276242571210760610e-03
8.769668638706207275e-02 1.329901932212363205e-02
9.103932976722717285e-02 1.428471920215268476e-02
1.595614850521087646e-01 4.095253898061384373e-02
8.161548525094985962e-02 1.158715675387946183e-02
1.073991879820823669e-01 1.956086503202520213e-02
1.090865209698677063e-01 2.014633298202507181e-02
1.273755282163619995e-01 2.696713469894775062e-02
1.277246028184890747e-01 2.710619963061366294e-02
4.434812813997268677e-02 3.547983314160066664e-03
1.698366105556488037e-01 4.590879764116484463e-02
1.679180860519409180e-01 4.496649537517098671e-02
9.372354298830032349e-02 1.510013435571887393e-02
2.529225498437881470e-02 1.175907938835555645e-03
1.432831436395645142e-01 3.357841996252448197e-02
1.192817091941833496e-01 2.384294678201076892e-02
1.730884015560150146e-01 4.752291463474592192e-02
1.524420082569122314e-01 3.765416843316946038e-02
1.254301071166992188e-01 2.620093106119704765e-02
5.911459028720855713e-02 6.213675544734407856e-03
1.511432081460952759e-01 3.706480607172924630e-02
1.172110214829444885e-01 2.307042866058118744e-02
9.558398276567459106e-02 1.567663264528651110e-02
1.474519222974777222e-01 3.540983110866383066e-02
7.881521433591842651e-02 1.083644531327988131e-02
3.218525648117065430e-02 1.890051572705959927e-03
2.169968932867050171e-01 7.133710039749692478e-02
2.568843960762023926e-01 9.580825468452552895e-02
5.714422464370727539e-02 5.817257463144822997e-03
1.367956995964050293e-01 3.080816685890838680e-02
1.279261559247970581e-01 2.718649469873084257e-02
1.795708686113357544e-01 5.080707978549698495e-02
1.112441495060920715e-01 2.090606132612255960e-02
1.099327802658081055e-01 2.044225319589659112e-02
1.044287085533142090e-01 1.854759294805334233e-02
1.942639201879501343e-01 5.855729206543072024e-02
1.106420531868934631e-01 2.069249382866689135e-02
1.489018946886062622e-01 3.605618186279887366e-02
1.343894898891448975e-01 2.980735410364857702e-02
1.406057029962539673e-01 3.242247833639902432e-02
9.591400623321533203e-02 1.578009956603585937e-02
8.361368626356124878e-02 1.213748753314544682e-02
1.034399718046188354e-01 1.821696769581553077e-02
5.984719842672348022e-02 6.364981401961047371e-03
1.351278573274612427e-01 3.011284243470070676e-02
2.581380009651184082e-01 9.661513299158479284e-02
6.055303290486335754e-02 6.510757684006978491e-03
1.540731191635131836e-01 3.839966195337600474e-02
1.529158502817153931e-01 3.787052282711694806e-02
1.436895281076431274e-01 3.375514755400971234e-02
1.168125495314598083e-01 2.292316292364910899e-02
1.072353869676589966e-01 1.950441606918417586e-02
2.590103819966316223e-02 1.232539811887877184e-03
1.022601425647735596e-01 1.782419859535758558e-02
1.214551031589508057e-01 2.466531973571569128e-02
4.869318380951881409e-02 4.259334219097002730e-03
7.681360840797424316e-02 1.031321948302691728e-02
8.780595660209655762e-02 1.333093374836973738e-02
6.642206758260726929e-02 7.789133912932570854e-03
1.637798100709915161e-01 4.296015455351719081e-02
6.927480548620223999e-02 8.450283219770954313e-03
1.314443051815032959e-01 2.860016598315643852e-02
5.398998036980628967e-02 5.209596204211595916e-03
1.642892360687255859e-01 4.320547771523641778e-02
5.536394938826560974e-02 5.470110344969439549e-03
7.616529613733291626e-02 1.014541757782683705e-02
1.440242379903793335e-01 3.390070545808499675e-02
1.401905864477157593e-01 3.224563117938002155e-02
1.827970296144485474e-01 5.247245158098221007e-02
9.254372119903564453e-02 1.473947871808565374e-02
9.321634471416473389e-02 1.494381284128638333e-02
3.063004277646541595e-02 1.714663148762273067e-03
6.946416944265365601e-02 8.494963298191653134e-03
7.248134911060333252e-02 9.221071889214735653e-03
5.842057242989540100e-02 6.073212956796839382e-03
8.055181801319122314e-02 1.129991075650788393e-02
5.440519005060195923e-02 5.287838995276275891e-03
1.416214555501937866e-01 3.285969276639610914e-02
8.437445014715194702e-02 1.235136287026188454e-02
1.360761225223541260e-01 3.050817475293763140e-02
3.770954161882400513e-02 2.581331040896168473e-03
1.228528022766113281e-01 2.520152516822294492e-02
1.750384569168090820e-01 4.850176060126362015e-02
2.718136459589004517e-02 1.355490670540435236e-03
7.240204513072967529e-02 9.201447257668443624e-03
2.121892422437667847e-01 6.855864262363636774e-02
6.723677366971969604e-02 7.976172579040834501e-03
7.249704748392105103e-02 9.224956622272611345e-03
1.581721454858779907e-01 4.030061989858443883e-02
6.263436377048492432e-02 6.951542077738600070e-03
7.258231937885284424e-02 9.246058079248119926e-03
9.820608794689178467e-02 1.650558516077902868e-02
5.558298155665397644e-02 5.512713820195308187e-03
6.935860961675643921e-02 8.470056650762298328e-03
5.121539905667304993e-02 4.699380785560642974e-03
1.391204446554183960e-01 3.178979724920785732e-02
2.652988769114017487e-02 1.291038344167071573e-03
2.283423840999603271e-01 7.804703512159487377e-02
1.361198425292968750e-01 3.052640164958120295e-02
9.514441341161727905e-02 1.553882157427691549e-02
1.506897658109664917e-01 3.685970553820781120e-02
1.267933249473571777e-01 2.673758453922422951e-02
2.044936716556549072e-01 6.419433355707156175e-02
1.257354021072387695e-01 2.632111553561684511e-02
1.157472208142280579e-01 2.253019476444660663e-02
1.437093615531921387e-01 3.376377267956950923e-02
4.091727733612060547e-02 3.030497023162933429e-03
9.174600988626480103e-02 1.449788186942415485e-02
8.957862108945846558e-02 1.385018246621340203e-02
1.311802566051483154e-01 2.849251095290708177e-02
2.171038240194320679e-01 7.139943807870981207e-02
1.163112223148345947e-01 2.273788433195566422e-02
1.368884295225143433e-01 3.084722792100860408e-02
1.200792863965034485e-01 2.414345066529364342e-02
9.787368029356002808e-02 1.639961816248151211e-02
1.755517572164535522e-01 4.876116681915404483e-02
1.636622846126556396e-01 4.290355807601172605e-02
7.989419996738433838e-02 1.112231935879275449e-02
1.519080549478530884e-01 3.741076072781167328e-02
9.714188426733016968e-02 1.616633163165596271e-02
1.100077033042907715e-01 2.046845230730139423e-02
8.103998750448226929e-02 1.143174214835159137e-02
9.138734638690948486e-02 1.438925614256419093e-02
1.748811751604080200e-01 4.842227522866706518e-02
7.881218194961547852e-02 1.083564337242571771e-02
1.104143112897872925e-01 2.061171229009926137e-02
1.350958347320556641e-01 3.009949219581623328e-02
8.477721363306045532e-02 1.246459271487582697e-02
5.455271527171134949e-02 5.315638889127288422e-03
1.697391569614410400e-01 4.586069322557013300e-02
6.761715561151504517e-02 8.063712692263457285e-03
1.446547359228134155e-01 3.417601848964618716e-02
7.695711404085159302e-02 1.035036287779860995e-02
6.303174048662185669e-02 7.037943290731111558e-03
7.649432122707366943e-02 1.023057875619310525e-02
1.378555446863174438e-01 3.125481422172388113e-02
8.731949329376220703e-02 1.318929175932505478e-02
2.828027904033660889e-01 1.129087185986145242e-01
5.213154479861259460e-02 4.865910232336956298e-03
3.320189118385314941e-01 1.474620443526262203e-01
2.752521075308322906e-02 1.389753265264134091e-03
1.172887682914733887e-01 2.309916202816067812e-02
3.176616877317428589e-02 1.842789172447221058e-03
1.470550149679183960e-01 3.523373720883395122e-02
1.886173039674758911e-01 5.552939493498115081e-02
1.041507795453071594e-01 1.845465582551007386e-02
4.826147481799125671e-02 4.185933869175342999e-03
3.556510061025619507e-02 2.301298996796696198e-03
6.904890388250350952e-02 8.396982150455738897e-03
2.084595263004302979e-01 6.643038784138900754e-02
1.199410408735275269e-01 2.409101195068086634e-02
1.079199090600013733e-01 1.974031547609885265e-02
1.254108995199203491e-01 2.619336966977147546e-02
1.385348737239837646e-01 3.154111436445151961e-02
4.165691509842872620e-02 3.137706606836501710e-03
2.113039344549179077e-01 6.805113046772717778e-02
5.229153484106063843e-02 4.895082615733732483e-03
1.328991353511810303e-01 2.919331360806079467e-02
1.728947758674621582e-01 4.742583515570102104e-02
7.630882412195205688e-02 1.018256675787366020e-02
1.259237825870513916e-01 2.639527465928021704e-02
1.456181854009628296e-01 3.459925041254630768e-02
1.263520568609237671e-01 2.656387198353341028e-02
2.602824568748474121e-01 9.800026174136644563e-02
1.463275849819183350e-01 3.491100196675574890e-02
2.198555618524551392e-01 7.300793341162141459e-02
1.254980117082595825e-01 2.622766283833151760e-02
6.155710667371749878e-02 6.722639110775121586e-03
1.498150229454040527e-01 3.646527115604474706e-02
1.471123546361923218e-01 3.525917681412548549e-02
6.048227101564407349e-02 6.496143202226323590e-03
9.725798666477203369e-02 1.620334348270314681e-02
1.267212927341461182e-01 2.670922785485555992e-02
1.898855865001678467e-01 5.620372353397576348e-02
1.770185083150863647e-01 4.950364552779387695e-02
1.102976724505424500e-01 2.057033973190656312e-02
9.893115609884262085e-02 1.673741381049173235e-02
7.200963795185089111e-02 9.105434178539571072e-03
1.260222047567367554e-01 2.643402019098378686e-02
6.381461769342422485e-02 7.208928994453443935e-03
2.029671967029571533e-01 6.334081104717372013e-02
7.301382720470428467e-02 9.352839379570841716e-03
2.826487123966217041e-01 1.128047005161718214e-01
1.873659491539001465e-01 5.486675693182374580e-02
1.163401678204536438e-01 2.274858190100658220e-02
4.727612435817718506e-02 4.019792855458909769e-03
5.810945481061935425e-02 6.010822231723804074e-03
9.685193747282028198e-02 1.607415397968013290e-02
8.634507656097412109e-02 1.291000590923324122e-02
1.155781373381614685e-01 2.246853773333557999e-02
3.601213172078132629e-02 2.357515549945423967e-03
7.024548202753067017e-02 8.679312570447902248e-03
1.314372271299362183e-01 2.859728019651036277e-02
7.358030974864959717e-02 9.493021640537365261e-03
3.647895902395248413e-02 2.418660114925566887e-03
7.833807170391082764e-02 1.071026080654408248e-02
2.117196172475814819e-01 6.828942507321500432e-02
1.351170539855957031e-01 3.010833851511427253e-02
1.130579635500907898e-01 2.155421453123941566e-02
1.487990468740463257e-01 3.601010515949133045e-02
9.378408640623092651e-02 1.511879419598737874e-02
7.494142651557922363e-02 9.834642626847312982e-03
2.459404468536376953e-01 8.885660200745798543e-02
1.051196306943893433e-01 1.878181102571489444e-02
2.241486124694347382e-02 9.260313504603589867e-04
8.768294751644134521e-02 1.329500662595577316e-02
1.644372642040252686e-01 4.327676330006453159e-02
6.886631250381469727e-02 8.353900049343996811e-03
1.336717605590820312e-01 2.951141861329813904e-02
3.348954617977142334e-01 1.495526179013060009e-01
1.401124447584152222e-01 3.221234621321895919e-02
2.113116532564163208e-01 6.805555535321766714e-02
2.053998261690139771e-01 6.470235854535588693e-02
1.854306459426879883e-01 5.384771939750183922e-02
1.345385164022445679e-01 2.986880099230436458e-02
8.635050803422927856e-02 1.291156266988222577e-02
1.246062070131301880e-01 2.588035894226297859e-02
1.151148378849029541e-01 2.229959355577424557e-02
9.316112101078033447e-02 1.492679256857285149e-02
1.091607734560966492e-01 2.017229761450918882e-02
9.364849328994750977e-02 1.507700359384037993e-02
1.757978647947311401e-01 4.888554203599958931e-02
1.694517433643341064e-01 4.571882197664189212e-02
4.284319281578063965e-02 3.316253088736227043e-03
1.085971593856811523e-01 1.997521287102874826e-02
9.635534137487411499e-02 1.591846423587641932e-02
1.227579414844512939e-01 2.516508592647062267e-02
1.104112267494201660e-01 2.061061818348209132e-02
2.453486919403076172e-01 8.848522463886214495e-02
8.549981564283370972e-02 1.266773951478939765e-02
1.632507294416427612e-01 4.270597539896688055e-02
1.276665031909942627e-01 2.708305380253522854e-02
1.645840853452682495e-01 4.334746763540894832e-02
2.934751808643341064e-01 1.201877863208858921e-01
1.395260840654373169e-01 3.196258202205996130e-02
1.026243716478347778e-01 1.794423786361526441e-02
9.600581973791122437e-02 1.580888436938599276e-02
9.265708178281784058e-02 1.477381138877208872e-02
1.919974982738494873e-01 5.733420821256608735e-02
3.555930033326148987e-02 2.300569580941125639e-03
3.104296140372753143e-02 1.761229834120938559e-03
1.141889616847038269e-01 2.196196873868003913e-02
6.464545428752899170e-02 7.390656784761739755e-03
1.192075535655021667e-01 2.381517822140710380e-02
1.407072991132736206e-01 3.246620875895162017e-02
1.221425831317901611e-01 2.492870595044109974e-02
1.290456950664520264e-01 2.763249859956715820e-02
1.339265555143356323e-01 2.961647614245775662e-02
7.200688123703002930e-02 9.104767818166223728e-03
1.385797858238220215e-01 3.156004236528902468e-02
1.574970036745071411e-01 3.998467162339896380e-02
9.048979729413986206e-02 1.412124235643916030e-02
3.774381428956985474e-02 2.585861551167439876e-03
1.223929226398468018e-01 2.502486983065458151e-02
1.661864668130874634e-01 4.412271106062266163e-02
1.483465433120727539e-01 3.580737968146463501e-02
1.847833991050720215e-01 5.350835175174926267e-02
2.387019060552120209e-02 1.049145406034447626e-03
1.082808896899223328e-01 1.986471630619426540e-02
1.183123216032981873e-01 2.347994671654484236e-02
1.030164286494255066e-01 1.807533842725221954e-02
1.814636737108230591e-01 5.178183042205976999e-02
1.056844070553779602e-01 1.897356554026003589e-02
2.041942328214645386e-01 6.402668035541456137e-02
1.618061363697052002e-01 4.201620002271645726e-02
1.280955821275711060e-01 2.725399099656408003e-02
2.178602963685989380e-01 7.184044068802607208e-02
1.082322821021080017e-01 1.984796520164230568e-02
1.110754236578941345e-01 2.084621316560950413e-02
6.750274449586868286e-02 8.037382414936575584e-03
1.852988004684448242e-01 5.377858952988928687e-02
1.238377764821052551e-01 2.558150289471437799e-02
1.409138888120651245e-01 3.255513198838388272e-02
2.465450465679168701e-01 8.923604059915336839e-02
1.147662773728370667e-01 2.217248943633884015e-02
1.590257138013839722e-01 4.070113931530536244e-02
3.674063086509704590e-02 2.453250560846722064e-03
4.248080030083656311e-02 3.261433026642980137e-03
1.153569594025611877e-01 2.238788422908062625e-02
8.526364713907241821e-02 1.260134490872604450e-02
1.150880083441734314e-01 2.228981004607869659e-02
1.012297272682189941e-01 1.748496002807189281e-02
8.002655953168869019e-02 1.115806339011253707e-02
1.713955402374267578e-01 4.667986912320973292e-02
1.214153766632080078e-01 2.465025084720503037e-02
9.248191863298416138e-02 1.472076103794473997e-02
1.667774617671966553e-01 4.440970733651355973e-02
2.197159230709075928e-01 7.292608408925563279e-02
1.663086414337158203e-01 4.418204094302677354e-02
8.576872944831848145e-02 1.274481417156118207e-02
6.636369973421096802e-02 7.776042570730583824e-03
1.101648882031440735e-01 2.052341677163186176e-02
1.617211848497390747e-01 4.197563671960640591e-02
6.903415173292160034e-02 8.393501407802567149e-03
6.182944029569625854e-02 6.780506424215812164e-03
6.927080452442169189e-02 8.449339200172595668e-03
1.322547346353530884e-01 2.893058551646184376e-02
7.700067013502120972e-02 1.036163645060559323e-02
2.154816836118698120e-01 7.045736173674366221e-02
8.187328279018402100e-02 1.165773870762048560e-02
4.972495883703231812e-02 4.436766515827265424e-03
1.365171521902084351e-01 3.069204028121297681e-02
1.860264837741851807e-01 5.416013202028162332e-02
9.011587500572204590e-02 1.401000664381765043e-02
9.550614655017852783e-02 1.565222991538316871e-02
1.809259355068206787e-01 5.150390705671012426e-02
1.477238535881042480e-01 3.553047751120157194e-02
1.768558025360107422e-01 4.942079185650762735e-02
2.126603573560714722e-02 8.345019148078417544e-04
1.209301128983497620e-01 2.446618262185095219e-02
1.009444519877433777e-01 1.739104024858669981e-02
1.452208310365676880e-01 3.442469735550512250e-02
8.326677232980728149e-02 1.204179887928438601e-02
1.890439391136169434e-01 5.575623104835766147e-02
2.556447386741638184e-01 9.501258386479397022e-02
1.867847591638565063e-01 5.455987621654505987e-02
1.598648577928543091e-01 4.109598836665018240e-02
7.451677322387695312e-02 9.727136163091761392e-03
1.976636499166488647e-01 6.040880358654685672e-02
1.154421120882034302e-01 2.241893552936122594e-02
2.700601518154144287e-01 1.043944867439248886e-01
9.575852751731872559e-02 1.573135483859038064e-02
1.144412234425544739e-01 2.205395709504546706e-02
5.176540836691856384e-02 4.799149375239401133e-03
1.387250423431396484e-01 3.162137303542376238e-02
6.591491401195526123e-02 7.675384286643698734e-03
2.047157585620880127e-01 6.431867808643187967e-02
1.118254363536834717e-01 2.111224756806674707e-02
9.586692601442337036e-02 1.576533926640350317e-02
1.227108091115951538e-01 2.514698078640423967e-02
6.857239454984664917e-02 8.284550646856661885e-03
1.635410338640213013e-01 4.284516761861829198e-02
1.088641285896301270e-01 2.006856674531842452e-02
1.086525395512580872e-01 1.999457822455618511e-02
7.393841445446014404e-02 9.581638541198863462e-03
1.806473284959793091e-01 5.135991245583051978e-02
1.168603971600532532e-01 2.294084626687819400e-02
7.200958579778671265e-02 9.105421571721696722e-03
1.684249937534332275e-01 4.521469292789529609e-02
5.367466434836387634e-02 5.150177537628998319e-03
8.492017537355422974e-02 1.250478388470179815e-02
4.036791250109672546e-02 2.950867266207293869e-03
8.812996745109558105e-02 1.342556722502258153e-02
1.413031667470932007e-01 3.272269044522811005e-02
8.577100932598114014e-02 1.274546762664841189e-02
1.365522146224975586e-01 3.070665782988452747e-02
9.267260134220123291e-02 1.477851168144641431e-02
1.373310834169387817e-01 3.103378239774349720e-02
2.064142972230911255e-01 6.527378878826953224e-02
1.915891319513320923e-01 5.711525018355557981e-02
4.846622049808502197e-02 4.220745292747166491e-03
2.292063683271408081e-01 7.856680659235333597e-02
1.282641738653182983e-01 2.732115485880552697e-02
5.510716885328292847e-02 5.420164516276264680e-03
1.542388647794723511e-01 3.847604418505008034e-02
2.256212234497070312e-01 7.641866499582768146e-02
4.046083614230155945e-02 2.964336433676399186e-03
1.226297467947006226e-01 2.511584200614463622e-02
9.618554264307022095e-02 1.586522998542201981e-02
1.454028487205505371e-01 3.450465556415126950e-02
1.802507042884826660e-01 5.115586720662280290e-02
9.825410693883895874e-02 1.652089295645374489e-02
8.302021026611328125e-02 1.197384381696384344e-02
1.149402335286140442e-01 2.223592331147677265e-02
1.142777726054191589e-01 2.199435403042426102e-02
6.888256967067718506e-02 8.357735898065824648e-03
1.545909047126770020e-01 3.863827831462843948e-02
9.980165213346481323e-02 1.701947484406323222e-02
1.338275521993637085e-01 2.957565491175791900e-02
1.796143054962158203e-01 5.082936493405323247e-02
5.268078297376632690e-02 4.966057631366076891e-03
2.159465700387954712e-01 7.072688664565943140e-02
1.188308298587799072e-01 2.367410902319519103e-02
1.918622255325317383e-01 5.726144271321889634e-02
2.606096491217613220e-02 1.247416945575735656e-03
2.219581156969070435e-01 7.424525147142752024e-02
1.531540751457214355e-01 3.797929535757509079e-02
2.353325039148330688e-01 8.228389841796658610e-02
8.455532789230346680e-02 1.240221345551647571e-02
7.449916750192642212e-02 9.722679047261626600e-03
3.163962811231613159e-02 1.828518614641848165e-03
2.589634656906127930e-01 9.714789434180652605e-02
1.433178037405014038e-01 3.359349287165452891e-02
1.540469527244567871e-01 3.838760340812565758e-02
6.255380064249038696e-02 6.934423472457516141e-03
2.671375274658203125e-01 1.024705239378956717e-01
1.540043950080871582e-01 3.836799110446106886e-02
7.964391261339187622e-02 1.105560175909109377e-02
1.022964268922805786e-01 1.783614430629526862e-02
7.910344749689102173e-02 1.091267107220902054e-02
1.086154431104660034e-01 1.998160632959949251e-02
1.709745377302169800e-01 4.647049392509295523e-02
6.836186349391937256e-02 8.235097832251328867e-03
1.735197901725769043e-01 4.773924860077694010e-02
1.108147874474525452e-01 2.075376379922834469e-02
4.436480998992919922e-02 3.550611698600624356e-03
1.077339574694633484e-01 1.967623300102101444e-02
2.409386783838272095e-01 8.573646282035132793e-02
6.168832257390022278e-02 6.750520764054305373e-03
1.912607997655868530e-01 5.693948730918435563e-02
2.812423706054687500e-01 1.118552789895975730e-01
5.770003795623779297e-02 5.928718831532500330e-03
2.179629355669021606e-01 7.190027652250131907e-02
2.143063247203826904e-01 6.977720413864660354e-02
5.779410526156425476e-02 5.947582846365993652e-03
7.279867678880691528e-02 9.299598071306817287e-03
1.129125729203224182e-01 2.150191783203059259e-02
9.042632579803466797e-02 1.410236063336699729e-02
1.010937914252281189e-01 1.744020653812158525e-02
5.515371263027191162e-02 5.429217646072033616e-03
6.584033370018005371e-02 7.658656646173711557e-03
1.712047755718231201e-01 4.658495144790307518e-02
4.679455235600471497e-02 3.940906756050422885e-03
1.296534240245819092e-01 2.787672907838434355e-02
5.306680127978324890e-02 5.036443724456568342e-03
1.264462620019912720e-01 2.660095741145619350e-02
5.518137663602828979e-02 5.434598512236862855e-03
8.532673865556716919e-02 1.261908197491774276e-02
1.697369068861007690e-01 4.585958255787062759e-02
1.299618333578109741e-01 2.800103731317781647e-02
1.210768520832061768e-01 2.452184311682797935e-02
9.234602749347686768e-02 1.467960470664997179e-02
1.154992580413818359e-01 2.243977405181744877e-02
8.141189068555831909e-02 1.153217553238526649e-02
1.165854036808013916e-01 2.283921523055894298e-02
1.032845228910446167e-01 1.816498688663818056e-02
9.159994125366210938e-02 1.445364315704771203e-02
1.412971317768096924e-01 3.272009278885765204e-02
1.845763921737670898e-01 5.339981285924546434e-02
1.005059927701950073e-01 1.724769765046435532e-02
2.340589016675949097e-01 8.150634113927203439e-02
1.102739125490188599e-01 2.056191193963083363e-02
1.387954354286193848e-01 3.165135743285794889e-02
2.124031186103820801e-01 6.868124953762284879e-02
1.506160348653793335e-01 3.682635563877094398e-02
9.521441906690597534e-02 1.556076931527162859e-02
1.244425922632217407e-01 2.581672630989857720e-02
2.133588641881942749e-01 6.923096678750895183e-02
5.343920364975929260e-02 5.105806938635358734e-03
1.342555135488510132e-01 2.975211273019550198e-02
5.585923790931701660e-02 5.566447848229948495e-03
1.075546070933341980e-01 1.961442543069992495e-02
8.893231302499771118e-02 1.365990737557602579e-02
1.919341236352920532e-01 5.730005416289405545e-02
1.663789153099060059e-01 4.421616702247765235e-02
2.418926805257797241e-01 8.632883924699431832e-02
8.368680626153945923e-02 1.215804392988674779e-02
1.395154297351837158e-01 3.195804374006050441e-02
1.126567274332046509e-01 2.140989075638584024e-02
1.481564342975616455e-01 3.572239844197426517e-02
1.203372627496719360e-01 2.424130517854977337e-02
1.684250831604003906e-01 4.521473670428768216e-02
5.053334683179855347e-02 4.579203777053305821e-03
1.218367666006088257e-01 2.481123146748744762e-02
1.730727553367614746e-01 4.751506832509713035e-02
7.242627441883087158e-02 9.207443058287434826e-03
1.034256592392921448e-01 1.821218169435705539e-02
1.438193768262863159e-01 3.381161588167919813e-02
1.721783727407455444e-01 4.706937858050041362e-02
2.214976996183395386e-01 7.397392890800821852e-02
1.074371188879013062e-01 1.957393674773244205e-02
7.070157676935195923e-02 8.789246181386337065e-03
1.015335097908973694e-01 1.758497285601071797e-02
1.408660411834716797e-01 3.253453674244425470e-02
2.252122163772583008e-01 7.617509844788460105e-02
9.174737334251403809e-02 1.449829480920303282e-02
8.300918340682983398e-02 1.197080470016468993e-02
2.099901437759399414e-01 6.730098580589487234e-02
2.278773784637451172e-01 7.776766018910941103e-02
6.579921394586563110e-02 7.649433884160338447e-03
8.732653409242630005e-02 1.319130978238855501e-02
1.327821016311645508e-01 2.914559788528548953e-02
3.357006981968879700e-02 2.054490040277940233e-03
1.009293198585510254e-01 1.738605837201289556e-02
8.520451933145523071e-02 1.258472216931918151e-02
1.571601182222366333e-01 3.982800262353238668e-02
2.198856920003890991e-01 7.302559420874270291e-02
1.208671033382415771e-01 2.444228209856988410e-02
7.893063873052597046e-02 1.086697029537496070e-02
1.330078542232513428e-01 2.923767551989047905e-02
1.366086155176162720e-01 3.073017139627714014e-02
1.001745015382766724e-01 1.714028675394561885e-02
8.623078465461730957e-02 1.287724773590616378e-02
1.756440848112106323e-01 4.880782635194497870e-02
1.552141159772872925e-01 3.892547907659057310e-02
1.591330468654632568e-01 4.075150315313645633e-02
7.735278457403182983e-02 1.045277381818308926e-02
1.597103476524353027e-01 4.102284714095983525e-02
1.532024443149566650e-01 3.800138052889348583e-02
5.745236948132514954e-02 5.879052034250207767e-03
1.438062191009521484e-01 3.380589387877213498e-02
1.092276871204376221e-01 2.019569600547245145e-02
1.499692797660827637e-01 3.653437953515800696e-02
1.640127450227737427e-01 4.307232852795177258e-02
1.185011565685272217e-01 2.355065847867685372e-02
1.946322172880172729e-01 5.875709128292350841e-02
7.421369105577468872e-02 9.650406998955470689e-03
3.452342376112937927e-02 2.170302561483845784e-03
3.262566775083541870e-02 1.941838491015436844e-03
6.849309802055358887e-02 8.265840776120454356e-03
3.376457095146179199e-02 2.077690808838454639e-03
1.961245536804199219e-01 5.956817908136700923e-02
1.265742331743240356e-01 2.665133540180748134e-02
1.188245266675949097e-01 2.367174870949372359e-02
1.387179046869277954e-01 3.161833270384650091e-02
1.060756966471672058e-01 1.910641732178427685e-02
4.302228614687919617e-02 3.343345004618717906e-03
1.344973593950271606e-01 2.985183105865099953e-02
1.256600171327590942e-01 2.629143898075108482e-02
2.029470056295394897e-01 6.332957525562417367e-02
1.592307686805725098e-01 4.079735710961240880e-02
4.583152756094932556e-02 3.783154084855120270e-03
1.745749264955520630e-01 4.826838130546398653e-02
1.888946592807769775e-01 5.567686098849925630e-02
1.049402877688407898e-01 1.872091999343891353e-02
1.796891540288925171e-01 5.086776572348652298e-02
6.332376599311828613e-02 7.101723646448847467e-03
9.058317542076110840e-02 1.414902080875321197e-02
4.727311432361602783e-02 4.019299783011708906e-03
1.102753207087516785e-01 2.056241142308649905e-02
1.222448498010635376e-01 2.496799004031640540e-02
1.122504994273185730e-01 2.126377140971357285e-02
2.147254645824432373e-01 7.001893236298359358e-02
1.332074254751205444e-01 2.931996310910825465e-02
9.377211332321166992e-02 1.511510402083213710e-02
9.049970656633377075e-02 1.412419020145453362e-02
5.082455277442932129e-02 4.630514010740124572e-03
6.117055937647819519e-02 6.640502893269290517e-03
1.663353890180587769e-01 4.419502998302132779e-02
1.304143369197845459e-01 2.818342452707226289e-02
8.866058290004730225e-02 1.358054346996974589e-02
1.836239546537399292e-01 5.290294633085420445e-02
2.098128497600555420e-01 6.719993467275414689e-02
1.654778569936752319e-01 4.377859918992561133e-02
6.394872814416885376e-02 7.238219628537364246e-03
7.484957575798034668e-02 9.811389421619253620e-03
9.575730562210083008e-02 1.573097175754279223e-02
1.081208214163780212e-01 1.980955371726196568e-02
1.023196801543235779e-01 1.784379986355122405e-02
4.042493551969528198e-02 2.959132682597993055e-03
1.195371001958847046e-01 2.393858133645389644e-02
9.421621263027191162e-02 1.525197805960206918e-02
1.563755124807357788e-01 3.946312074459684682e-02
