# det_z, det_zpdf, Ntot_bin
3.211161121726036072e-02 1.881746266027485527e-03
3.575702905654907227e-01 1.662601499576672193e-01
1.166804134845733643e-01 2.287432858977059974e-02
1.220453977584838867e-01 2.489137375837250504e-02
1.548548042774200439e-01 3.875989382509754250e-02
7.599651068449020386e-02 1.010175080705096561e-02
2.070468217134475708e-01 6.563007655194752488e-02
1.999705582857131958e-01 6.167819161409372059e-02
6.525006145238876343e-02 7.526264306889516795e-03
1.149839386343955994e-01 2.225186056998110229e-02
1.764916330575942993e-01 4.923615122381107961e-02
6.885813176631927490e-02 8.351969819327238753e-03
1.568703353404998779e-01 3.969323873285628829e-02
2.600647322833538055e-02 1.242347873294833132e-03
6.286114454269409180e-02 7.000683976918916154e-03
2.892214059829711914e-01 1.172709177069135439e-01
7.876119017601013184e-02 1.082215815570362026e-02
1.113745495676994324e-01 2.095231507977881116e-02
8.635246753692626953e-02 1.291212429958137932e-02
1.550478935241699219e-01 3.884887709921718002e-02
1.382949948310852051e-01 3.144001849269233151e-02
8.465503156185150146e-02 1.243024338227336281e-02
1.020003929734230042e-01 1.773868251313574090e-02
1.643221378326416016e-01 4.322132214560690799e-02
1.459511369466781616e-01 3.474551207558268517e-02
3.063706755638122559e-01 1.291496031853826554e-01
1.384357362985610962e-01 3.149933334601358326e-02
1.516947448253631592e-01 3.731427653006736539e-02
1.390291452407836914e-01 3.175090766345865095e-02
8.015196770429611206e-02 1.119193018072185686e-02
1.622847914695739746e-01 4.224475192983818961e-02
6.486454606056213379e-02 7.439796944168380020e-03
1.227607801556587219e-01 2.516617635618375801e-02
1.859135329723358154e-01 5.410090910024283745e-02
2.741864025592803955e-01 1.071298559289809993e-01
1.152242124080657959e-01 2.233947745533844398e-02
1.784180253744125366e-01 5.021631306211064155e-02
6.970439106225967407e-02 8.551643149011613210e-03
8.922378718852996826e-02 1.374503789986171107e-02
2.965187430381774902e-01 1.222865972735939222e-01
5.401032045483589172e-02 5.213429123088052231e-03
9.107123315334320068e-02 1.429420993324729758e-02
2.847331017255783081e-02 1.484226754316337205e-03
8.831377327442169189e-02 1.347925118080407769e-02
3.621630743145942688e-02 2.383940155504265905e-03
2.102175354957580566e-01 6.743059080604006661e-02
8.398710936307907104e-02 1.224246884603254551e-02
1.136523410677909851e-01 2.176801085572865543e-02
1.213720664381980896e-01 2.463382259347050851e-02
2.086683511734008789e-01 6.654871561390109103e-02
1.406805217266082764e-01 3.245468286142638714e-02
1.406859010457992554e-01 3.245699830327759133e-02
1.667797863483428955e-01 4.441083618901447982e-02
3.278661519289016724e-02 1.961036859269031998e-03
1.476477086544036865e-01 3.549669466737627455e-02
1.160971596837043762e-01 2.265877188500537223e-02
1.763245314359664917e-01 4.915170319270755622e-02
1.549476236104965210e-01 3.880266869888139569e-02
9.701200574636459351e-02 1.612492814147727105e-02
1.456062346696853638e-01 3.459400059811042899e-02
1.613222062587738037e-01 4.178586058323245644e-02
1.278555542230606079e-01 2.715836827312540294e-02
3.194459155201911926e-02 1.862910709366919979e-03
1.702948808670043945e-01 4.613500608110362999e-02
2.285772264003753662e-01 7.818831585802842044e-02
1.004811599850654602e-01 1.723965124845732236e-02
1.023283526301383972e-01 1.784665506016959446e-02
7.197578996419906616e-02 9.097252353739256753e-03
1.712583154439926147e-01 4.661159097355351000e-02
1.772422641515731812e-01 4.961758734737757581e-02
1.104616373777389526e-01 2.062849916264094391e-02
1.640696376562118530e-01 4.309972618880075074e-02
1.240841001272201538e-01 2.567730246022437504e-02
9.764038771390914917e-02 1.632524768953089525e-02
1.359479427337646484e-01 3.045473652358247560e-02
9.521051496267318726e-02 1.555954532460738539e-02
1.385935246944427490e-01 3.156583255001768618e-02
6.391346454620361328e-02 7.230517819030742206e-03
2.067200839519500732e-01 6.544603203173061934e-02
1.597138941287994385e-01 4.102452595393257101e-02
1.406712234020233154e-01 3.245068054642597649e-02
8.180352300405502319e-02 1.163851218695124284e-02
1.001699566841125488e-01 1.713881411511444797e-02
2.069731652736663818e-01 6.558858742605559733e-02
1.081814989447593689e-01 1.983046435421340070e-02
1.443875283002853394e-01 3.405869235601730743e-02
1.140925288200378418e-01 2.192680407164602011e-02
2.346615046262741089e-01 8.187424117847183491e-02
1.413010060787200928e-01 3.272176042010781910e-02
1.305625289678573608e-01 2.824315518344860249e-02
1.491375863552093506e-01 3.616177375155799067e-02
1.124447509646415710e-01 2.133364327308204592e-02
1.488914191722869873e-01 3.605148874161295119e-02
1.277978420257568359e-01 2.713537679014315501e-02
9.000255912542343140e-02 1.397629703867567068e-02
2.312746345996856689e-01 7.981519896826907989e-02
1.203281432390213013e-01 2.423784600384289861e-02
2.747986316680908203e-01 1.075375387051317050e-01
1.771821528673171997e-01 4.958697724480694291e-02
2.493839710950851440e-01 9.102557313905161596e-02
1.421128064393997192e-01 3.307118689271602852e-02
1.794462800025939941e-01 5.074316001634473355e-02
1.047001332044601440e-01 1.863938201648109375e-02
1.333266198635101318e-01 2.936910956069886322e-02
2.200661301612854004e-01 7.313135810208676313e-02
1.706139743328094482e-01 4.629251494280776924e-02
1.265861093997955322e-01 2.665601067641274260e-02
1.197032779455184937e-01 2.400082470946701338e-02
1.110782921314239502e-01 2.084723063190807926e-02
1.738537847995758057e-01 4.790674115741317546e-02
3.337025940418243408e-01 1.486849058326382145e-01
1.057081297039985657e-01 1.898161992299306558e-02
2.300725877285003662e-02 9.746165252110107306e-04
1.247536167502403259e-01 2.593768916226888224e-02
1.991955041885375977e-01 6.125062703404023090e-02
3.580998256802558899e-02 2.332094212767092840e-03
9.586408734321594238e-02 1.576444930372587760e-02
1.652775704860687256e-01 4.368142775543266965e-02
1.781340837478637695e-01 5.007172319981927078e-02
6.131982058286666870e-02 6.672218936818592044e-03
6.795400381088256836e-02 8.141234062947595718e-03
1.150217205286026001e-01 2.226563790340685411e-02
2.093441337347030640e-01 6.693278360594111243e-02
2.064937353134155273e-01 6.531853459650943661e-02
2.605361640453338623e-01 9.816481705761191667e-02
1.012222170829772949e-01 1.748248748667041719e-02
2.571357488632202148e-01 9.597003700769350665e-02
1.383801549673080444e-01 3.147590884597247646e-02
6.342702358961105347e-02 7.124275807436016711e-03
5.643211305141448975e-02 5.677876558010104373e-03
7.467970252037048340e-02 9.768383818179949413e-03
5.629866197705268860e-02 5.651919277021325190e-03
1.562024801969528198e-01 3.938265186515369637e-02
1.959191858768463135e-01 5.945604098142834998e-02
1.759085953235626221e-01 4.894150184687263289e-02
2.013374119997024536e-01 6.243409535416378359e-02
2.647749185562133789e-01 1.009230265590319725e-01
8.700488507747650146e-02 1.309911922823580113e-02
1.298855692148208618e-01 2.797029809755850055e-02
3.415438905358314514e-02 2.124189662010023474e-03
1.903236955404281616e-01 5.643783642221614216e-02
3.041158616542816162e-02 1.690026817051728646e-03
1.125046536326408386e-01 2.135519013490632181e-02
1.752840876579284668e-01 4.862589483924387168e-02
1.795619875192642212e-01 5.080252337090366416e-02
9.513811022043228149e-02 1.553684543667777432e-02
1.127213463187217712e-01 2.143313403158508823e-02
1.304115206003189087e-01 2.818228937432665226e-02
6.558324396610260010e-02 7.600993912701443402e-03
9.510016441345214844e-02 1.552494890146214127e-02
1.480573266744613647e-01 3.567842785600908173e-02
1.686538457870483398e-01 4.532674590028461237e-02
3.345962986350059509e-02 2.041316379847283452e-03
9.585177898406982422e-02 1.576059046292944618e-02
1.795169264078140259e-01 5.077940491833621978e-02
6.224833056330680847e-02 6.869515097610406386e-03
1.589538156986236572e-01 4.066740260594328693e-02
2.206668704748153687e-01 7.348432243360834837e-02
1.400840580463409424e-01 3.220025470663299277e-02
4.701071977615356445e-02 3.976317046760452327e-03
4.866920784115791321e-02 4.255257759023346048e-03
3.289390802383422852e-01 1.452313868699436905e-01
8.433150500059127808e-02 1.233928960036002540e-02
8.223439753055572510e-02 1.175726567587818613e-02
1.300212740898132324e-01 2.802499564281936764e-02
2.436472289264202118e-02 1.091856703143606697e-03
5.549182742834091187e-02 5.494983627064792611e-03
1.372137665748596191e-01 3.098433974658434259e-02
1.106440797448158264e-01 2.069321266199991224e-02
2.261754721403121948e-01 7.674895489880617649e-02
8.680703490972518921e-02 1.304241171241438471e-02
8.755183219909667969e-02 1.325671192575947170e-02
1.576984971761703491e-01 4.007837642772468789e-02
1.058265417814254761e-01 1.902182353630211750e-02
2.273771762847900391e-01 7.746825557505584992e-02
1.548104882240295410e-01 3.873947120916670928e-02
1.491970568895339966e-01 3.618841706116396328e-02
9.210126847028732300e-02 1.460547637508768926e-02
1.011135578155517578e-01 1.744671412972685631e-02
1.673714965581893921e-01 4.469886840029062280e-02
7.442614436149597168e-02 9.704192296414757696e-03
2.487452328205108643e-01 9.062164015559029395e-02
1.214192137122154236e-01 2.465170630061519486e-02
5.443354323506355286e-02 5.293181915710104199e-03
2.925885021686553955e-01 1.195776615790468678e-01
2.188134193420410156e-01 7.239708120179370876e-02
1.087135374546051025e-01 2.001590799037471571e-02
5.860262364149093628e-02 6.109721037304462719e-03
4.962000250816345215e-02 4.418273302012599296e-03
1.450989544391632080e-01 3.437115841252380566e-02
5.894251167774200439e-02 6.178136079485026071e-03
1.208602786064147949e-01 2.443969336978598153e-02
1.970715522766113281e-01 6.008527388091002008e-02
1.593343019485473633e-01 4.084593797109380142e-02
2.897745072841644287e-01 1.176491768515605107e-01
9.543426334857940674e-02 1.562969353765679761e-02
9.921021759510040283e-02 1.682783624888761070e-02
2.300239205360412598e-01 7.905901666410419804e-02
4.945644736289978027e-02 4.389455027741317496e-03
7.490919530391693115e-02 9.826482879457908506e-03
1.135156825184822083e-01 2.171885506722356918e-02
4.848392307758331299e-02 4.223755133994838706e-03
1.483699232339859009e-01 3.581785408707019447e-02
2.177240252494812012e-01 7.176099836713813185e-02
9.583470970392227173e-02 1.575523900756345061e-02
8.504848182201385498e-02 1.254085497786278612e-02
1.645626723766326904e-01 4.333715583901293078e-02
4.626589640974998474e-02 3.854307856319946768e-03
1.528819650411605835e-01 3.785505096033382061e-02
8.740337938070297241e-02 1.321335348153789523e-02
1.917419582605361938e-01 5.719706120468435323e-02
1.006983071565628052e-01 1.731001200048102456e-02
6.469483673572540283e-02 7.401732788861148556e-03
3.407717496156692505e-02 2.114979297719858653e-03
7.897166907787322998e-02 1.087782112653927664e-02
7.689585536718368530e-02 1.033450736708717982e-02
2.176181375980377197e-01 7.169926877367398255e-02
1.114851683378219604e-01 2.099155228012930877e-02
1.517110317945480347e-01 3.732164343388395811e-02
9.413093328475952148e-02 1.522569445983425022e-02
2.970895916223526001e-02 1.615312042471090921e-03
1.525671482086181641e-01 3.771130684004926625e-02
1.469779908657073975e-01 3.519956430869051328e-02
1.026797220110893250e-01 1.796274655952106308e-02
4.301310330629348755e-02 3.341955892343099772e-03
2.376145571470260620e-01 8.368333804724070735e-02
1.432930231094360352e-01 3.358271632484314401e-02
1.241213977336883545e-01 2.569180815046190336e-02
5.810252949595451355e-02 6.009433446979617170e-03
2.491011321544647217e-01 9.084652177205999879e-02
1.005266532301902771e-01 1.725439212174113487e-02
8.528122305870056152e-02 1.260628606828511668e-02
1.423965841531753540e-01 3.319333446782479768e-02
1.386344730854034424e-01 3.158309006372089084e-02
1.375014632940292358e-01 3.110558822441106611e-02
2.889192104339599609e-01 1.170642499054845714e-01
1.235357597470283508e-01 2.546404331431714047e-02
1.092155277729034424e-01 2.019144412104398323e-02
5.203313380479812622e-02 4.847966095326393908e-03
1.394321024417877197e-01 3.192254993175145522e-02
2.684669494628906250e-01 1.033443794485193190e-01
1.779774129390716553e-01 4.999194267963393695e-02
1.303132027387619019e-01 2.814266113191628629e-02
1.947396546602249146e-01 5.881537548579302693e-02
2.623064815998077393e-01 9.931363242872963404e-02
1.361335963010787964e-01 3.053213560513744901e-02
2.286669611930847168e-01 7.824230015972910568e-02
1.365675479173660278e-01 3.071305028954582350e-02
2.533268928527832031e-01 9.353010963951650936e-02
1.962823867797851562e-01 5.965436154795751567e-02
9.455224871635437012e-02 1.535554637313764348e-02
8.895115554332733154e-02 1.366541068827044694e-02
9.878519177436828613e-02 1.669019551401611581e-02
1.138328090310096741e-01 2.183292479691119337e-02
1.953249871730804443e-01 5.913291526012277172e-02
9.688922762870788574e-02 1.608584495921169463e-02
5.734163895249366760e-02 5.856846419545413789e-03
3.088665902614593506e-01 1.309042355696196924e-01
2.193785309791564941e-01 7.272832159250972039e-02
1.288338601589202881e-01 2.754810745005112360e-02
1.235899031162261963e-01 2.548510061574665517e-02
1.214555278420448303e-01 2.466548082473390621e-02
1.292975693941116333e-01 2.773329742379174873e-02
6.963673233985900879e-02 8.535679197479571767e-03
8.713325858116149902e-02 1.313591344768987729e-02
2.320930659770965576e-01 8.031089431293848835e-02
1.667711883783340454e-01 4.440666088200787009e-02
1.361859440803527832e-01 3.055395942514729096e-02
3.578994423151016235e-02 2.329574284772800881e-03
1.074864268302917480e-01 1.959092920786807343e-02
1.970103979110717773e-01 6.005188142973107157e-02
2.413175441324710846e-02 1.071735901732567397e-03
1.303378045558929443e-01 2.815257720166765287e-02
1.542817205190658569e-01 3.849579382977674075e-02
2.321124076843261719e-01 8.032264582552604837e-02
1.928311437368392944e-01 5.778347891769235189e-02
6.974194943904876709e-02 8.560504979170519002e-03
1.088883504271507263e-01 2.007703664499792262e-02
1.320812106132507324e-01 2.885983817858070455e-02
1.360640525817871094e-01 3.050314278760658110e-02
1.573612540960311890e-01 3.992154111257162352e-02
6.334225088357925415e-02 7.105760872180081657e-03
1.885820627212524414e-01 5.551065764295029514e-02
2.116852402687072754e-01 6.826971810250737072e-02
1.106922924518585205e-01 2.071031402412478947e-02
2.310004830360412598e-02 9.826304836923285563e-04
2.825950272381305695e-02 1.462921883483843215e-03
1.422476768493652344e-01 3.312923970212106051e-02
1.034081727266311646e-01 1.820633435160689748e-02
6.638968735933303833e-02 7.781871342954291802e-03
1.931880861520767212e-01 5.797584339120373520e-02
2.137372344732284546e-01 6.944910778148670472e-02
1.102327406406402588e-01 2.054730799478427655e-02
2.066229134798049927e-01 6.539129794515541327e-02
7.966286689043045044e-02 1.106061438202227652e-02
1.410770118236541748e-01 3.262534567798247576e-02
6.935825943946838379e-02 8.469974027073057243e-03
1.498750299215316772e-01 3.649215479618087010e-02
8.798691630363464355e-02 1.338378644062838962e-02
5.667193606495857239e-02 5.724524015738788676e-03
1.020397692918777466e-01 1.775164618506708605e-02
2.487028688192367554e-01 9.059493674929769425e-02
1.433284878730773926e-01 3.359813916393580152e-02
9.256757795810699463e-02 1.474670403596524404e-02
1.087301596999168396e-01 2.002172046228642421e-02
1.505702137947082520e-01 3.680562990296488285e-02
1.198180094361305237e-01 2.404434417949246131e-02
2.204891890287399292e-01 7.337961500121105429e-02
1.824647337198257446e-01 5.229945931295061634e-02
1.972130537033081055e-01 6.016253867535332339e-02
7.661565393209457397e-02 1.026198315803397536e-02
8.834899216890335083e-02 1.348953752287862518e-02
1.491936892271041870e-01 3.618690831950248377e-02
7.886719703674316406e-02 1.085019258929830095e-02
1.783136427402496338e-01 5.016315893010585975e-02
2.315292507410049438e-02 9.871972946239096752e-04
3.906911611557006836e-01 1.912855374219667448e-01
1.645701825618743896e-01 4.334077250246706758e-02
1.353133022785186768e-01 3.019015454401538859e-02
1.294480264186859131e-01 2.779394100724392330e-02
4.769268259406089783e-02 4.089226251107253539e-03
6.912603974342346191e-02 8.415182215449816192e-03
8.539149165153503418e-02 1.263728613673541744e-02
1.114817932248115540e-01 2.099035510549747754e-02
1.514791101217269897e-01 3.721674088036021344e-02
1.971138417720794678e-01 6.010836544437148793e-02
1.142015308141708374e-01 2.196655212686565023e-02
1.788019090890884399e-01 5.041256767362847779e-02
8.876403421163558960e-02 1.361075837576731541e-02
2.742509171366691589e-02 1.379776890656230935e-03
1.990705430507659912e-01 6.118195521731977643e-02
1.082604974508285522e-01 1.985768875052922738e-02
1.910887062549591064e-01 5.684736216458449731e-02
1.379357129335403442e-01 3.128860076601910206e-02
1.686107516288757324e-01 4.530564567915230934e-02
1.028659269213676453e-01 1.802501191529945479e-02
8.372157067060470581e-02 1.216781732984547129e-02
6.102043017745018005e-02 6.608602412698325046e-03
1.451126337051391602e-01 3.437716755174093086e-02
5.607468262314796448e-02 5.608353535398083456e-03
1.966921240091323853e-01 5.987809259816890411e-02
5.560444295406341553e-02 5.516888230372466936e-03
1.009878888726234436e-01 1.740534076085912055e-02
1.543959230184555054e-01 3.854842292476461790e-02
1.349741071462631226e-01 3.004874389360718059e-02
2.429219037294387817e-01 8.696902662889575975e-02
2.107622772455215454e-01 6.774107376739706143e-02
1.305377185344696045e-01 2.823315502830867421e-02
4.179234057664871216e-02 3.157336363291135626e-03
8.904985338449478149e-02 1.369423725341992019e-02
5.873474478721618652e-02 6.136216271159940748e-03
1.287250965833663940e-01 2.750477803247110969e-02
4.388171806931495667e-02 3.474495962587427489e-03
2.058154642581939697e-01 6.493647875342860309e-02
7.903715223073959351e-02 1.089513871417377606e-02
1.445442587137222290e-01 3.412748716267913901e-02
7.650740444660186768e-02 1.023396507057029725e-02
1.362304538488388062e-01 3.057251557384339097e-02
1.966651380062103271e-01 5.986335728406435436e-02
8.678057789802551270e-02 1.303482864373873597e-02
2.703911364078521729e-01 1.046133142634739915e-01
2.224709242582321167e-01 7.454798193527341355e-02
1.348099559545516968e-01 2.998072145263371707e-02
1.257204413414001465e-01 2.631522598015426095e-02
9.866654872894287109e-02 1.665237373925673725e-02
5.362580344080924988e-02 5.140970108327974110e-03
6.509718298912048340e-02 7.491975150565472960e-03
8.378489315509796143e-02 1.218561932861297707e-02
2.270893305540084839e-01 7.729596056404319793e-02
1.734700500965118408e-01 4.771430480876963365e-02
1.238004192709922791e-01 2.556697402319001167e-02
2.377769351005554199e-01 8.378341500763658578e-02
5.307934433221817017e-02 5.038730808883814041e-03
1.219279319047927856e-01 2.484625114719852396e-02
1.139549165964126587e-01 2.187684662756269466e-02
1.740562021732330322e-01 4.800824998624099449e-02
2.241913415491580963e-02 9.263717823635885711e-04
2.264054119586944580e-01 7.688658933039162202e-02
5.256688222289085388e-02 4.945289111507730415e-03
2.090600878000259399e-01 6.677088776631019684e-02
1.415492743253707886e-01 3.282862351341212653e-02
4.648514091968536377e-02 3.890222203764366962e-03
1.210597008466720581e-01 2.451533738139070537e-02
1.244757026433944702e-01 2.582960351473589239e-02
1.589296460151672363e-01 4.065606147794633557e-02
2.021863460540771484e-01 6.290628857575007726e-02
8.456718921661376953e-02 1.240554805747410248e-02
1.053778007626533508e-01 1.886946567900702962e-02
1.425280421972274780e-01 3.325004309354081394e-02
1.005634292960166931e-01 1.726630842546352310e-02
1.392447650432586670e-01 3.184275233553160445e-02
1.376228928565979004e-01 3.115676416297272558e-02
1.516388207674026489e-01 3.728898102226894246e-02
1.925063282251358032e-01 5.760842837107795628e-02
5.660326406359672546e-02 5.711166772689710118e-03
9.072505682706832886e-02 1.419122818666883681e-02
4.585515335202217102e-02 3.787024215375102681e-03
8.166629076004028320e-02 1.160087690865399535e-02
9.817477315664291382e-02 1.649560243537626092e-02
9.692002832889556885e-02 1.609560700298163366e-02
1.440562754869461060e-01 3.391463785474432835e-02
1.865108609199523926e-01 5.441525209974538979e-02
1.098245829343795776e-01 2.040441871938300858e-02
1.878363341093063354e-01 5.511513022462692646e-02
5.623600259423255920e-02 5.639731535452185453e-03
1.660119555890560150e-02 5.114177193766457222e-04
7.321129739284515381e-02 9.401705523361045258e-03
1.235108301043510437e-01 2.545434774109804621e-02
2.416649907827377319e-01 8.618721389307142100e-02
1.022842600941658020e-01 1.783213869110815766e-02
8.316963911056518555e-02 1.201502795650697362e-02
1.274178475141525269e-01 2.698399393253142833e-02
1.349780261516571045e-01 3.005037772926405157e-02
1.222346425056457520e-01 2.496406907258150870e-02
7.805740833282470703e-02 1.063603694419437695e-02
1.870617568492889404e-01 5.470613690460278400e-02
9.945235401391983032e-02 1.690629410032072968e-02
1.280680745840072632e-01 2.724303249473469107e-02
7.249297201633453369e-02 9.223948103533809173e-03
1.690486073493957520e-01 4.552003326482022272e-02
1.035826280713081360e-01 1.826467075147689828e-02
1.471964865922927856e-01 3.529650322043422633e-02
7.153332978487014771e-02 8.990299712843053889e-03
4.044694080948829651e-02 2.962322322280481687e-03
1.836300194263458252e-01 5.290610363368330321e-02
1.076312884688377380e-01 1.964085129949955100e-02
7.760772109031677246e-02 1.051875873791222916e-02
1.090146973729133606e-01 2.012121768429810803e-02
7.899849116802215576e-02 1.088491446087585732e-02
1.098557412624359131e-01 2.041531417323094733e-02
1.095581725239753723e-01 2.031126024419390580e-02
2.296507656574249268e-01 7.883415528541536099e-02
3.789811581373214722e-02 2.606258696323532006e-03
5.359929427504539490e-02 5.135974677792284719e-03
1.074949577450752258e-01 1.959386912428622007e-02
8.407705277204513550e-02 1.226775484781173625e-02
1.128188967704772949e-01 2.146822272087180877e-02
1.359292268753051758e-01 3.044693387116791106e-02
1.459261178970336914e-01 3.473452150396443699e-02
2.025823146104812622e-01 6.312663447157734753e-02
1.156922727823257446e-01 2.251015772362331344e-02
2.411752045154571533e-01 8.588291503551905015e-02
2.084701806306838989e-01 6.643642497263962943e-02
1.808122396469116211e-01 5.144514475234517742e-02
1.935983151197433472e-01 5.819692521285225323e-02
1.474972665309906006e-01 3.542994875910617653e-02
1.112620905041694641e-01 2.091242511533546178e-02
2.469550669193267822e-01 8.949336381818749631e-02
1.562411934137344360e-01 3.940065549491543473e-02
8.716498315334320068e-02 1.314500629658340441e-02
9.705664217472076416e-02 1.613915762229763129e-02
1.686667352914810181e-01 4.533305699685426932e-02
9.954160451889038086e-02 1.693521334713809015e-02
4.650798067450523376e-02 3.893963574028953996e-03
1.760131418704986572e-01 4.899433646308650608e-02
1.723474711179733276e-01 4.715351588556055545e-02
1.512252539396286011e-01 3.710191693395629292e-02
8.489130437374114990e-02 1.249666731272578921e-02
8.776306360960006714e-02 1.331840604129904022e-02
2.090032547712326050e-01 6.673849500939317558e-02
1.489555388689041138e-01 3.608021491581352852e-02
5.269126594066619873e-02 4.967969082384274780e-03
6.055015325546264648e-02 6.510162948844227908e-03
7.245365530252456665e-02 9.214218755481404580e-03
2.524976618587970734e-02 1.171955431305230161e-03
1.103506907820701599e-01 2.058914568042775201e-02
1.241415292024612427e-01 2.569963763009071311e-02
1.741816848516464233e-01 4.807117738962431858e-02
7.297052443027496338e-02 9.342123637505167499e-03
1.056140214204788208e-01 1.894966800455686121e-02
1.840788722038269043e-01 5.313977507303969949e-02
1.353010237216949463e-01 3.018503560644405018e-02
3.373103588819503784e-02 2.073690630359173274e-03
1.258749663829803467e-01 2.637605734484253089e-02
2.031658887863159180e-01 6.345137786969887173e-02
2.055956870317459106e-01 6.481268285664931739e-02
1.980536431074142456e-01 6.062312254519313520e-02
1.541485488414764404e-01 3.843442297618767517e-02
1.961674988269805908e-01 5.959162865356431443e-02
7.616792619228363037e-02 1.014609831186735409e-02
2.688509039580821991e-02 1.325968389624588304e-03
1.989804655313491821e-01 6.113245353212121147e-02
2.341175228357315063e-01 8.154213042597360794e-02
6.875981390476226807e-02 8.328771900109442280e-03
7.336448878049850464e-02 9.439614396831856255e-03
6.796400994062423706e-02 8.143536847686459051e-03
1.675174236297607422e-01 4.477031876873759780e-02
1.751617640256881714e-01 4.856407622970857624e-02
1.850413978099822998e-01 5.364362690182201271e-02
1.628448367118835449e-01 4.251216662622269576e-02
1.299959272146224976e-01 2.801477926810884422e-02
1.354665905237197876e-01 3.025406050371970065e-02
7.946038246154785156e-02 1.100706561889304956e-02
2.341981530189514160e-01 8.159135661568948927e-02
1.546801477670669556e-01 3.867940509566736990e-02
9.468122571706771851e-02 1.539529784924988445e-02
2.281183302402496338e-01 7.791224469310409351e-02
5.461315438151359558e-02 5.327028133788757995e-03
3.233791142702102661e-02 1.907513920202995620e-03
1.078975126147270203e-01 1.973259723264649337e-02
1.897405833005905151e-01 5.612662730194521027e-02
1.657997965812683105e-01 4.393493802506902302e-02
7.693595439195632935e-02 1.034488615067376618e-02
5.600395053625106812e-02 5.594595589549495977e-03
1.025529280304908752e-01 1.792059091624425421e-02
7.687581330537796021e-02 1.032931990371893129e-02
1.573616564273834229e-01 3.992172821726891474e-02
1.695002764463424683e-01 4.574277856404127679e-02
2.796482741832733154e-01 1.107826130681293791e-01
8.535657078027725220e-02 1.262746875019308233e-02
2.436730265617370605e-01 8.743755822734791683e-02
6.774110347032546997e-02 8.092237730920007199e-03
1.004765927791595459e-01 1.723817136714009615e-02
1.255136579275131226e-01 2.623382223398462026e-02
1.320679634809494019e-01 2.885443720104731435e-02
1.813660711050033569e-01 5.173138571778842371e-02
1.415836662054061890e-01 3.284342694774058241e-02
2.842403054237365723e-01 1.138817341731068189e-01
9.898485243320465088e-02 1.675481267615770709e-02
6.117735803127288818e-02 6.641947518009786583e-03
2.368998527526855469e-01 8.324458338708512484e-02
1.549190282821655273e-01 3.878949082397512016e-02
2.432172298431396484e-01 8.715277077946614881e-02
6.048367917537689209e-02 6.496434030029065755e-03
1.807420849800109863e-01 5.140888617712235237e-02
7.912576943635940552e-02 1.091857430267357404e-02
1.824879646301269531e-01 5.231155325671121153e-02
2.511200010776519775e-01 9.212542891181305094e-02
4.291669651865959167e-02 3.327372185819480778e-03
1.470278650522232056e-01 3.522169174083988191e-02
4.632005468010902405e-02 3.863179498940492659e-03
1.521677821874618530e-01 3.752895789473065236e-02
1.776032596826553345e-01 4.980141489940437954e-02
1.387756317853927612e-01 3.164292194086174709e-02
1.498754620552062988e-01 3.649234839577459449e-02
1.961364150047302246e-01 5.957465578486078467e-02
5.617959797382354736e-02 5.628760394245388085e-03
1.878986060619354248e-01 5.514801114427796830e-02
9.150455147027969360e-02 1.442475316803696998e-02
1.090150102972984314e-01 2.012132710779443098e-02
2.622132003307342529e-01 9.925287778982151699e-02
1.334382146596908569e-01 2.941512253431581916e-02
3.918470442295074463e-02 2.783912563878538412e-03
9.223824739456176758e-02 1.464696215560495028e-02
1.978463977575302124e-01 6.050923181934671907e-02
1.624335199594497681e-01 4.231576794954374637e-02
1.739004105329513550e-01 4.793012316016657948e-02
1.308742165565490723e-01 2.836878476006236827e-02
1.100710630416870117e-01 2.049060795998501258e-02
1.860588937997817993e-01 5.417712540432968737e-02
1.184026598930358887e-01 2.351377508963028995e-02
1.610972136259078979e-01 4.167935471316798479e-02
2.140054404735565186e-01 6.960373600102850999e-02
1.129353195428848267e-01 2.151009974361635380e-02
2.250897586345672607e-01 7.610217401291680117e-02
1.887116879224777222e-01 5.557957760209465692e-02
3.216686546802520752e-01 1.399989698511274749e-01
1.327332258224487305e-01 2.912567076907680505e-02
5.643175914883613586e-02 5.677807721181979579e-03
1.315434128046035767e-01 2.864057307154179235e-02
1.201538518071174622e-01 2.417173450554396461e-02
1.205044314265251160e-01 2.430471490313974511e-02
5.120632052421569824e-02 4.697781156041712369e-03
8.775676041841506958e-02 1.331656507548667143e-02
1.852379739284515381e-01 5.374669665922988254e-02
7.653543353080749512e-02 1.024121980558567041e-02
1.135032698512077332e-01 2.171439025729829039e-02
1.181840077042579651e-01 2.343189787190339685e-02
1.654641032218933105e-01 4.377192014596183178e-02
1.815659999847412109e-01 5.183471649598821868e-02
7.032412290573120117e-02 8.698007038483253697e-03
1.115640476346015930e-01 2.101953128195531428e-02
7.660350948572158813e-02 1.025883982521232259e-02
2.123546302318572998e-01 6.865345305618258953e-02
1.118720620870590210e-01 2.112878602026540056e-02
1.417680829763412476e-01 3.292280619524878132e-02
2.601550221443176270e-01 9.791791000833470482e-02
1.291386187076568604e-01 2.766951767725300479e-02
8.536829054355621338e-02 1.263076355476553531e-02
1.824622154235839844e-01 5.229814829531396342e-02
3.185888528823852539e-01 1.377968473746501443e-01
5.783825367689132690e-02 5.956436255727671526e-03
9.092503041028976440e-02 1.425071702893399017e-02
1.141772791743278503e-01 2.195770866003448826e-02
1.664445549249649048e-01 4.424804263316067798e-02
1.641656160354614258e-01 4.314594628663424164e-02
6.085370481014251709e-02 6.573175464610148643e-03
1.705080568790435791e-01 4.624023265136324029e-02
1.705327630043029785e-01 4.625242792981217738e-02
3.689787164330482483e-02 2.474036246503252909e-03
2.987799346446990967e-01 1.238529255810530971e-01
1.416694372892379761e-01 3.288034573803285537e-02
8.790631592273712158e-02 1.336024557992128783e-02
1.719252616167068481e-01 4.694343953716664797e-02
1.679309904575347900e-01 4.497281376780604134e-02
2.466783523559570312e-01 8.931970150617035697e-02
2.814902961254119873e-01 1.120226535404371948e-01
1.846566200256347656e-01 5.344187832118330039e-02
1.473792642354965210e-01 3.537759526786301428e-02
1.076120808720588684e-01 1.963423199423668455e-02
4.939813539385795593e-02 4.379192026054488929e-03
1.478190571069717407e-01 3.557271598266925627e-02
2.213626950979232788e-01 7.389437092935008389e-02
1.246679276227951050e-01 2.590436316478149717e-02
1.270303577184677124e-01 2.683089645032320225e-02
1.369542330503463745e-01 3.087496051944869230e-02
1.705321222543716431e-01 4.625211164695734734e-02
1.443413943052291870e-01 3.403862970482787048e-02
1.274390369653701782e-01 2.699243542202297078e-02
1.147738993167877197e-01 2.217526881162863381e-02
1.791289299726486206e-01 5.058034464454286977e-02
1.644902974367141724e-01 4.330230239774957718e-02
1.063939183950424194e-01 1.921446089619079783e-02
1.575806438922882080e-01 4.002356861102507324e-02
1.888712048530578613e-01 5.566439058779881072e-02
2.727696858346462250e-02 1.365017142224680220e-03
1.592790931463241577e-01 4.082003237354219632e-02
2.172078043222427368e-01 7.146005574029057339e-02
1.859297752380371094e-01 5.410942532489221996e-02
1.300826966762542725e-01 2.804975278365227573e-02
8.904422819614410400e-02 1.369259431111691933e-02
2.116640806198120117e-01 6.825758810753343453e-02
1.197724863886833191e-01 2.402707656718935936e-02
2.018431574106216431e-01 6.271531328779622605e-02
8.473907411098480225e-02 1.245387046147061923e-02
7.492490112781524658e-02 9.830459011565366445e-03
1.082008928060531616e-01 1.983714784979107720e-02
2.500270605087280273e-01 9.143268129169147829e-02
1.076527014374732971e-01 1.964823061808973134e-02
1.351552009582519531e-01 3.012424201048153477e-02
1.493891328573226929e-01 3.627446874265255472e-02
2.373291850090026855e-01 8.350795035159597202e-02
1.075309514999389648e-01 1.960627326071947077e-02
1.761946827173233032e-01 4.908608163545446351e-02
1.371707171201705933e-01 3.096619674909942277e-02
1.723231226205825806e-01 4.714140094403180409e-02
1.714853942394256592e-01 4.672457726116467647e-02
2.069353461265563965e-01 6.556728469461443887e-02
1.005965098738670349e-01 1.727702730482482546e-02
1.162216290831565857e-01 2.270477280870282846e-02
7.179982960224151611e-02 9.054718751205904567e-03
6.819681078195571899e-02 8.197113029332443387e-03
1.281788647174835205e-01 2.728716925589477066e-02
1.137776225805282593e-01 2.181307434846188956e-02
7.406376302242279053e-02 9.612657406393790294e-03
1.248912587761878967e-01 2.599122054889456412e-02
1.214563027024269104e-01 2.466577474153906421e-02
2.025855034589767456e-01 6.312840898035343429e-02
4.908834770321846008e-02 4.326521070988430251e-03
6.153390929102897644e-02 6.717709972003028072e-03
4.060890525579452515e-02 2.985798869508443990e-03
7.742900401353836060e-02 1.047250160638278811e-02
4.635566473007202148e-02 3.869012765676618261e-03
5.343359708786010742e-02 5.104750428945053868e-03
1.173865422606468201e-01 2.313529695702944838e-02
1.279613077640533447e-01 2.720049854803503059e-02
1.617023944854736328e-01 4.196666455240385257e-02
7.019697129726409912e-02 8.667866552561643775e-03
5.981782451272010803e-02 6.358914795546703400e-03
2.163139879703521729e-01 7.093990272614972281e-02
8.931818604469299316e-02 1.377270733650481395e-02
6.985758244991302490e-02 8.587788376128703549e-03
9.834722429513931274e-02 1.655057749180558618e-02
1.425444632768630981e-01 3.325718425685177809e-02
1.859492808580398560e-01 5.411965260752160667e-02
1.461388915777206421e-01 3.482799045699417478e-02
7.899327576160430908e-02 1.088353520142152156e-02
1.817527264356613159e-01 5.193122376151864533e-02
6.691912561655044556e-02 7.903069880189945648e-03
1.951539367437362671e-01 5.904012131217004078e-02
1.466906666755676270e-01 3.507208861502330438e-02
2.027471065521240234e-01 6.321833677323518419e-02
1.457721143960952759e-01 3.466686959349715713e-02
1.244944483041763306e-01 2.583689402944576441e-02
1.477720588445663452e-01 3.555186449745888211e-02
8.961822837591171265e-02 1.386196498057560601e-02
9.079757332801818848e-02 1.421280064947683802e-02
1.079764515161514282e-01 1.975980108806157931e-02
2.484666556119918823e-01 9.044604389085585117e-02
1.354428827762603760e-01 3.024417672984106020e-02
2.077611833810806274e-01 6.603468132941678337e-02
1.680499315261840820e-01 4.503105096181642814e-02
2.882714755833148956e-02 1.521638621724173300e-03
1.755342483520507812e-01 4.875231837644434379e-02
4.599437490105628967e-02 3.809830036534480897e-03
8.976795524358749390e-02 1.390650625383046957e-02
1.463096737861633301e-01 3.490305539566415649e-02
4.930200800299644470e-02 4.362848182713805791e-03
1.023967191576957703e-01 1.786916303626079686e-02
4.160641133785247803e-02 3.130386148875522780e-03
1.494616270065307617e-01 3.630694674346263834e-02
1.106444597244262695e-01 2.069334744324985084e-02
9.649427235126495361e-02 1.596202101815913724e-02
1.383147388696670532e-01 3.144833952822972262e-02
1.175857931375503540e-01 2.320893533260954406e-02
1.436262428760528564e-01 3.372762621046916653e-02
1.954313218593597412e-01 5.919060126174231079e-02
1.083815991878509521e-01 1.989983571399177309e-02
1.861200183629989624e-01 5.420917453599184005e-02
6.603299081325531006e-02 7.701867767779400215e-03
2.024444192647933960e-01 6.304989940515708102e-02
1.094867736101150513e-01 2.028629344978337759e-02
8.738929033279418945e-02 1.320929688108046958e-02
1.517883092164993286e-01 3.735659747157183547e-02
1.484135538339614868e-01 3.583740097018878190e-02
1.782094240188598633e-01 5.011008826640259151e-02
8.892279863357543945e-02 1.365712851819730726e-02
1.973262727260589600e-01 6.022436027478256931e-02
9.563511610031127930e-02 1.569266365278403422e-02
7.415492087602615356e-02 9.635528569134011595e-03
1.865122169256210327e-01 5.441596809967078757e-02
1.604385972023010254e-01 4.136758221492440463e-02
1.209750622510910034e-01 2.448323262267331282e-02
1.611259132623672485e-01 4.169294040134231133e-02
4.461450129747390747e-02 3.589952943690581828e-03
1.609863936901092529e-01 4.162689533468798275e-02
2.256308943033218384e-01 7.642442405621878432e-02
8.480676263570785522e-02 1.247289989538081893e-02
2.424406856298446655e-01 8.666970403860872751e-02
1.897420585155487061e-01 5.612741165370464108e-02
1.855888813734054565e-01 5.393068617690709166e-02
2.291129380464553833e-01 7.851059909124684377e-02
1.079535186290740967e-01 1.975189797650257414e-02
1.859127432107925415e-01 5.410049500858557514e-02
1.961407661437988281e-01 5.957703166101679243e-02
1.501475572586059570e-01 3.661445436787444385e-02
4.633270576596260071e-02 3.865251867790360073e-03
6.131097301840782166e-02 6.670338945717945410e-03
6.624554842710494995e-02 7.749542378665342894e-03
1.536023616790771484e-01 3.818398121522835476e-02
7.602316141128540039e-02 1.010862901326323345e-02
4.220375046133995056e-02 3.219522973929909646e-03
1.331830024719238281e-01 2.930989297107137667e-02
2.072531729936599731e-01 6.574682415655522250e-02
1.133662536740303040e-01 2.166510583081216607e-02
1.554683148860931396e-01 3.904262413548907629e-02
1.340851485729217529e-01 2.968186752691566802e-02
6.604067236185073853e-02 7.703590664615020747e-03
1.202566623687744141e-01 2.421073217856696200e-02
1.374367326498031616e-01 3.107830778790206597e-02
2.566781044006347656e-01 9.567547578471895242e-02
1.625441163778305054e-01 4.236857637537829596e-02
1.388205736875534058e-01 3.166206523947764917e-02
1.688169538974761963e-01 4.540660863213599047e-02
2.042035013437271118e-01 6.403186972050192716e-02
1.347869932651519775e-01 2.997125343389373323e-02
7.822898030281066895e-02 1.068141063950069601e-02
1.391444355249404907e-01 3.180001631776607773e-02
1.159733533859252930e-01 2.261301602788334461e-02
5.186651647090911865e-02 4.817585299931973451e-03
2.206186056137084961e-01 7.345588001717637261e-02
6.810521334409713745e-02 8.176033032623881980e-03
1.103986129164695740e-01 2.060614397453797153e-02
9.331451356410980225e-02 1.497406906272101372e-02
1.464343816041946411e-01 3.495838389272363372e-02
1.473771929740905762e-01 3.537667632162197484e-02
7.447425276041030884e-02 9.716371558757194715e-03
1.877662390470504761e-01 5.507811853617549519e-02
6.441382318735122681e-02 7.339799547540399455e-03
4.410378262400627136e-02 3.509484349479265620e-03
7.686529308557510376e-02 1.032659696755686141e-02
8.428596705198287964e-02 1.232648740992973828e-02
2.229359596967697144e-01 7.482347704362075913e-02
1.387444138526916504e-01 3.162962445724096239e-02
7.597432285547256470e-02 1.009613367165437640e-02
6.645727157592773438e-02 7.797029827140432127e-03
1.856672018766403198e-01 5.397175156842738686e-02
1.820713728666305542e-01 5.209591224337185161e-02
1.430407762527465820e-01 3.347301976175052346e-02
1.327933073043823242e-01 2.915016654119674880e-02
1.130183711647987366e-01 2.153997323475506306e-02
2.349640280008316040e-01 8.205893718727091946e-02
2.265138328075408936e-01 7.695148649351882253e-02
1.294800937175750732e-01 2.780686613268604571e-02
3.875764459371566772e-02 2.724727209678008601e-03
1.071414425969123840e-01 1.947204104200826041e-02
1.437516063451766968e-01 3.378214400260634576e-02
7.644656300544738770e-02 1.021821755166132766e-02
6.192791834473609924e-02 6.801431714635004094e-03
6.513221561908721924e-02 7.499832629635391247e-03
4.033238813281059265e-02 2.945718052729688619e-03
9.349194169044494629e-02 1.502875346293688387e-02
1.054138690233230591e-01 1.888171167988975108e-02
9.670555591583251953e-02 1.602826133735114553e-02
2.438826411962509155e-01 8.756852805307541177e-02
9.041199833154678345e-02 1.409809844843123300e-02
1.054340600967407227e-01 1.888856701192697177e-02
1.297124922275543213e-01 2.790053725554631631e-02
2.111708074808120728e-01 6.797481400639121540e-02
9.675260633230209351e-02 1.604301229354331698e-02
6.151443347334861755e-02 6.713571616856005286e-03
3.026866316795349121e-01 1.265715082104281186e-01
1.702104657888412476e-01 4.609333765383390180e-02
2.547160089015960693e-01 9.441723208397505285e-02
1.975220143795013428e-01 6.033124215555417391e-02
1.304992288351058960e-01 2.821764127411861833e-02
7.594053447246551514e-02 1.008757970623344428e-02
1.625723242759704590e-01 4.238204529886318433e-02
2.139841765165328979e-01 6.959147673833133985e-02
1.408845037221908569e-01 3.254248364674795779e-02
4.942029342055320740e-02 4.383084734560678541e-03
1.174039319157600403e-01 2.314172375913108037e-02
1.826392412185668945e-01 5.239030740492003207e-02
1.658129543066024780e-01 4.394132761967358553e-02
4.954085126519203186e-02 4.404326921877715732e-03
3.890581429004669189e-02 2.745261746899277811e-03
1.479616016149520874e-01 3.563595799520013346e-02
8.831305801868438721e-02 1.347904227688210589e-02
2.438478469848632812e-01 8.754678819787717337e-02
9.000753611326217651e-02 1.397777761045782864e-02
1.657581627368927002e-01 4.391471998732818932e-02
1.365819126367568970e-01 3.071903894952005692e-02
1.349405348300933838e-01 3.003474757522341457e-02
1.323305070400238037e-01 2.896147862192561401e-02
5.720874667167663574e-02 5.830196544247199554e-03
6.036243587732315063e-02 6.471393602335820741e-03
1.759729236364364624e-01 4.897401140191757346e-02
1.642248928546905518e-01 4.317449209461151488e-02
3.034593164920806885e-01 1.271110684503546917e-01
1.481505483388900757e-01 3.571978704797994231e-02
1.650199741125106812e-01 4.355737763413976976e-02
1.352057307958602905e-01 3.014530792954028121e-02
1.902536004781723022e-01 5.640031311455333957e-02
1.390625238418579102e-01 3.176512549797443768e-02
2.409566342830657959e-01 8.574758075138372293e-02
1.295780539512634277e-01 2.784635022871601376e-02
1.983416974544525146e-01 6.078142148259155220e-02
1.423401832580566406e-01 3.316905760520209856e-02
6.519575417041778564e-02 7.514083710347484353e-03
6.528450548648834229e-02 7.533989769616065806e-03
2.411804907023906708e-02 1.070552211622852927e-03
1.255940645933151245e-01 2.626547566155047753e-02
6.155503541231155396e-02 6.722198994963770637e-03
1.893398761749267578e-01 5.591357676494658480e-02
1.982337385416030884e-01 6.072209316013273128e-02
1.968736052513122559e-01 5.997718778893605662e-02
1.140517219901084900e-01 2.191192368214240141e-02
1.644789278507232666e-01 4.329682717113151474e-02
1.476933062076568604e-01 3.551692470692723730e-02
1.727839708328247070e-01 4.737070253317483132e-02
2.294460535049438477e-01 7.871100079575013564e-02
1.225560009479522705e-01 2.508751372976508048e-02
2.203551679849624634e-01 7.330077772709252260e-02
1.320261657238006592e-01 2.883739587148470562e-02
3.472907096147537231e-02 2.196163796856383937e-03
1.153497993946075439e-01 2.238527330077809407e-02
1.050723567605018616e-01 1.876576044203365559e-02
1.124519482254981995e-01 2.133623211245048654e-02
2.175949513912200928e-01 7.168575185171643938e-02
1.566399335861206055e-01 3.958609010953988844e-02
2.877762317657470703e-01 1.162847907309430828e-01
7.761442661285400391e-02 1.052049432045179186e-02
2.161897271871566772e-01 7.086786066526605532e-02
2.064461112022399902e-01 6.529170893469463111e-02
1.116200685501098633e-01 2.103940226662799964e-02
1.228242218494415283e-01 2.519054645856523902e-02
8.578178286552429199e-02 1.274855552225668751e-02
1.156172677874565125e-01 2.248280682328865701e-02
1.905103325843811035e-01 5.653774701500453859e-02
1.889228820800781250e-01 5.569186666761403309e-02
1.036036014556884766e-01 1.827168407480100898e-02
1.164632067084312439e-01 2.279405414175480343e-02
1.005053818225860596e-01 1.724749968917885234e-02
2.513535618782043457e-01 9.227391308149071603e-02
1.824827343225479126e-01 5.230883037392739660e-02
6.003475561738014221e-02 6.403717664883428438e-03
8.249280601739883423e-02 1.182848573530052329e-02
8.837853372097015381e-02 1.349816569007253157e-02
2.036190927028656006e-01 6.370466439998510866e-02
1.465429365634918213e-01 3.500654593132780656e-02
7.265107333660125732e-02 9.263071993181715147e-03
2.033067308366298676e-02 7.638123128414835107e-04
5.205985531210899353e-02 4.852838461407961261e-03
1.358539760112762451e-01 3.041556174163483409e-02
1.340501308441162109e-01 2.966742895193905452e-02
7.677212357521057129e-02 1.030248201238215429e-02
4.043675959110260010e-02 2.960846567201381833e-03
2.244237661361694336e-01 7.570557086173025640e-02
1.844913065433502197e-01 5.335520034296295511e-02
1.144941598176956177e-01 2.207326057640811301e-02
1.115745529532432556e-01 2.102325758710074308e-02
1.293270736932754517e-01 2.774518950017436716e-02
1.659574955701828003e-01 4.401151908928205986e-02
5.291087180376052856e-02 5.008011739641823196e-03
2.146828770637512207e-01 6.999429703868667585e-02
1.631783396005630493e-01 4.267141014260683596e-02
1.343759745359420776e-01 2.980178142811504977e-02
2.034256905317306519e-01 6.359638020469741970e-02
2.271046936511993408e-01 7.730515641000033911e-02
1.574293673038482666e-01 3.995321724484295067e-02
1.023016273975372314e-01 1.783785644309906701e-02
7.274520397186279297e-02 9.286365641711953958e-03
1.953448504209518433e-01 5.914369096642305840e-02
1.785725504159927368e-01 5.029500090634898141e-02
1.066434234380722046e-01 1.930041411350325378e-02
1.262356638908386230e-01 2.651805194596541793e-02
1.894072741270065308e-01 5.594941134078403044e-02
9.883597493171691895e-02 1.670657289070779858e-02
9.499371051788330078e-02 1.549160751706939523e-02
9.403883665800094604e-02 1.519730973357791455e-02
1.244406476616859436e-01 2.581597002041555872e-02
1.535548269748687744e-01 3.816227705733998138e-02
1.143210902810096741e-01 2.201015001081024422e-02
1.303117573261260986e-01 2.814207854029552106e-02
2.990621924400329590e-01 1.240488976396711268e-01
6.111130863428115845e-02 6.627912889708962446e-03
6.944037228822708130e-02 8.489348403224870887e-03
1.661288440227508545e-01 4.409472854382101570e-02
1.590437740087509155e-01 4.070961369701454891e-02
1.860177516937255859e-01 5.415555357290131877e-02
2.470242530107498169e-01 8.953685067161198941e-02
7.492111623287200928e-02 9.829500816541368938e-03
1.800610870122909546e-01 5.105858469705906733e-02
1.893522143363952637e-01 5.592013679784364061e-02
1.451293528079986572e-01 3.438451205522852216e-02
2.300051152706146240e-01 7.904764699188726595e-02
1.801640540361404419e-01 5.111141158437422505e-02
4.247156158089637756e-02 3.260035461351485763e-03
1.645883172750473022e-01 4.334950559656167157e-02
1.992733627557754517e-01 6.129341385044428242e-02
5.814440175890922546e-02 6.017830402614184233e-03
3.903936594724655151e-02 2.763770399772574448e-03
7.963996380567550659e-02 1.105455746264709729e-02
1.034152880311012268e-01 1.820871364957298358e-02
2.005830705165863037e-01 6.201692595078022591e-02
1.507894545793533325e-01 3.690479665122978203e-02
1.718943119049072266e-01 4.692804006742661016e-02
1.818085759878158569e-01 5.196008891443604921e-02
8.760182559490203857e-02 1.327131343947223277e-02
1.410201638936996460e-01 3.260087639636937568e-02
2.018753588199615479e-01 6.273323250959589314e-02
1.093357428908348083e-01 2.023348098088055200e-02
1.996320933103561401e-01 6.149101215360235767e-02
1.428470462560653687e-01 3.338877088316077879e-02
1.279215216636657715e-01 2.718464849392643323e-02
6.071649491786956787e-02 6.544517560082438457e-03
1.272578537464141846e-01 2.692045406311932912e-02
9.338849782943725586e-02 1.499687145182589283e-02
4.012477397918701172e-02 2.915624636588704834e-03
1.012198179960250854e-01 1.748169764705605547e-02
9.812147915363311768e-02 1.647861303856303430e-02
1.292937546968460083e-01 2.773175986240086419e-02
4.412394389510154724e-02 3.512660949879510899e-03
1.189735382795333862e-01 2.372754808777899696e-02
1.442763358354568481e-01 3.401033721933269249e-02
1.309750229120254517e-01 2.840941602103631836e-02
1.012347564101219177e-01 1.748661574776037841e-02
9.533714503049850464e-02 1.559924560195372067e-02
1.957634836435317993e-01 5.937102204322931842e-02
3.834408149123191833e-02 2.667412339420573326e-03
1.536295711994171143e-01 3.819640497457135742e-02
1.390964835882186890e-01 3.177959087514473785e-02
2.967641055583953857e-01 1.224564541272287616e-01
1.687547266483306885e-01 4.537614026303208453e-02
1.879804432392120361e-01 5.519122291999548763e-02
1.742199957370758057e-01 4.809038963925008070e-02
1.017950326204299927e-01 1.767107273273013299e-02
1.193439215421676636e-01 2.386624302244486767e-02
1.617250591516494751e-01 4.197748665098837567e-02
4.490367695689201355e-02 3.635515324708514170e-03
9.896894544363021851e-02 1.674965844024861247e-02
1.998355537652969360e-01 6.160353079204336502e-02
1.146702617406845093e-01 2.213747691497073775e-02
3.965949639678001404e-02 2.849713019034871581e-03
1.114343106746673584e-01 2.097351273479405517e-02
1.907149404287338257e-01 5.664727774151771811e-02
1.490944027900695801e-01 3.614242714388118949e-02
2.019873857498168945e-01 6.279557249547740305e-02
3.759865835309028625e-02 2.566673362828300609e-03
1.495484709739685059e-01 3.634585358595414373e-02
2.281397283077239990e-01 7.792511773482481419e-02
3.229500651359558105e-01 1.409174748507172059e-01
1.503050327301025391e-01 3.668568349828044139e-02
6.175160780549049377e-02 6.763968043556527719e-03
5.439557507634162903e-02 5.286027133807386612e-03
8.115846663713455200e-02 1.146373773439421373e-02
7.837517559528350830e-02 1.072007325237635082e-02
1.810297667980194092e-01 5.155757098027696078e-02
6.831505894660949707e-02 8.224326355163059238e-03
7.232072949409484863e-02 9.181324819797696130e-03
1.830936670303344727e-01 5.262688014957885019e-02
1.316814273595809937e-01 2.869684287347009505e-02
9.130752086639404297e-02 1.436507998523691744e-02
8.559934049844741821e-02 1.269626416695941729e-02
9.506696462631225586e-02 1.551454030909597999e-02
1.889837235212326050e-01 5.572421523563178547e-02
3.029905818402767181e-02 1.677997307334919098e-03
1.168145015835762024e-01 2.292388435559025370e-02
4.774289950728416443e-02 4.097764268787939222e-03
1.455457657575607300e-01 3.456743732257330087e-02
1.331995278596878052e-01 2.931670674964544435e-02
6.210824102163314819e-02 6.839747912204174364e-03
1.627410501241683960e-01 4.246260981054798822e-02
1.217685267329216003e-01 2.478501822406854044e-02
1.957114040851593018e-01 5.934258475841683311e-02
1.097793802618980408e-01 2.038861223480733717e-02
1.307663470506668091e-01 2.832530660807560871e-02
1.303494423627853394e-01 2.815726796512968422e-02
1.575803160667419434e-01 4.002341615534579788e-02
1.550665348768234253e-01 3.885746778265009027e-02
1.027543097734451294e-01 1.798768807987547597e-02
2.246322333812713623e-01 7.582971455182511977e-02
2.271825820207595825e-01 7.735177783271417196e-02
1.513508409261703491e-01 3.715872230025660944e-02
1.376250684261322021e-01 3.115768104688854470e-02
1.161820665001869202e-01 2.269015142088806267e-02
1.390770226716995239e-01 3.177130136984223502e-02
8.261204510927200317e-02 1.186134926587732036e-02
2.129657268524169922e-01 6.900431217802113770e-02
1.952623873949050903e-01 5.909895521348548786e-02
1.143199801445007324e-01 2.200974519466344231e-02
1.364571154117584229e-01 3.066701091291816964e-02
1.915500462055206299e-01 5.709432679154887585e-02
1.789876073598861694e-01 5.050783955057804725e-02
7.851614058017730713e-02 1.075735266505637236e-02
2.605302333831787109e-01 9.816096936337265211e-02
1.508074253797531128e-01 3.691292518371176723e-02
1.080741807818412781e-01 1.979348046243436382e-02
1.368613727390766144e-02 3.487292912621527304e-04
2.203215211629867554e-01 7.328105563020831381e-02
6.531446427106857300e-02 7.540709234384279820e-03
1.739386022090911865e-01 4.794927562838549595e-02
1.131082177162170410e-01 2.157229084753353732e-02
9.159837663173675537e-02 1.445316929172768897e-02
1.416913419961929321e-01 3.288977426856267566e-02
1.289583742618560791e-01 2.759771158942619235e-02
4.625301808118820190e-02 3.852198262941268405e-03
6.292485445737838745e-02 7.014598655366226926e-03
1.811643391847610474e-01 5.162712306031887188e-02
1.166050881147384644e-01 2.284649012822497285e-02
8.635995537042617798e-02 1.291427045109335564e-02
8.424744755029678345e-02 1.231565833196432945e-02
1.708569228649139404e-01 4.641243763269402300e-02
1.043194681406021118e-01 1.851106387289237765e-02
3.598884120583534241e-02 2.354586643118818275e-03
1.505006849765777588e-01 3.677418070515314774e-02
9.731002151966094971e-02 1.621993148037455604e-02
6.494196504354476929e-02 7.457161271053858523e-03
1.487106680870056152e-01 3.597051070464968303e-02
1.547993272542953491e-01 3.873432778639192969e-02
1.998946368694305420e-01 6.163620520257644120e-02
2.217024415731430054e-01 7.409458306107252756e-02
2.767058610916137695e-01 1.088103819974127473e-01
9.540291130542755127e-02 1.561986423858210959e-02
1.052067801356315613e-01 1.881140025775893468e-02
8.922583609819412231e-02 1.374563632255485814e-02
1.913627535104751587e-01 5.699406521544050225e-02
1.852699369192123413e-01 5.376345565177383795e-02
1.255156844854354858e-01 2.623462002237397436e-02
5.605949461460113525e-02 5.605399348574220328e-03
1.436275243759155273e-01 3.372818350633553786e-02
1.900341957807540894e-01 5.628286133265981289e-02
1.893112063407897949e-01 5.589833340348046575e-02
2.536921203136444092e-01 9.376327218146651710e-02
2.144141308963298798e-02 8.484746113416651112e-04
2.209364473819732666e-01 7.364318373514304461e-02
1.055004820227622986e-01 1.891111877765088573e-02
1.126753985881805420e-01 2.141660673097932691e-02
1.441134661436080933e-01 3.393950880282735338e-02
1.827372163534164429e-01 5.244131297273652709e-02
1.053842976689338684e-01 1.887167152754446603e-02
1.882487908005714417e-02 6.551650815015417142e-04
1.003479063510894775e-01 1.719647396075981230e-02
1.560027450323104858e-01 3.928976477765318276e-02
1.884518265724182129e-01 5.544141285125910035e-02
1.965901553630828857e-01 5.982241410318411834e-02
1.057260483503341675e-01 1.898770371397074525e-02
1.330919712781906128e-01 2.927235882020664051e-02
2.066435366868972778e-01 6.540291456466469644e-02
1.398609280586242676e-01 3.210521102179398484e-02
1.098595336079597473e-01 2.041664028179350152e-02
1.492121070623397827e-01 3.619515966770418813e-02
1.436908096075057983e-01 3.375570484987608366e-02
1.663758307695388794e-01 4.421466912204374128e-02
1.895832866430282593e-01 5.604299480525272437e-02
5.714019387960433960e-02 5.816449144105979331e-03
2.142479270696640015e-01 6.974353626863247224e-02
1.023840606212615967e-01 1.786499552848192299e-02
8.365977555513381958e-02 1.215044472391798441e-02
1.088175103068351746e-01 2.005226524968796789e-02
1.150181069970130920e-01 2.226432021326457678e-02
9.505059570074081421e-02 1.550940842457433459e-02
1.659381240606307983e-01 4.400211198510772803e-02
1.050982028245925903e-01 1.877453577296986018e-02
1.560345441102981567e-01 3.930455297854292679e-02
2.289245426654815674e-01 7.839726074411934587e-02
8.515098690986633301e-02 1.256967247392624769e-02
8.473988622426986694e-02 1.245409877278555628e-02
1.596797257661819458e-01 4.100835150793893935e-02
2.002685368061065674e-01 6.184298106867880396e-02
1.432336866855621338e-01 3.355691223019317132e-02
1.705644279718399048e-01 4.626805818717284052e-02
2.295565158128738403e-01 7.877745473605354820e-02
1.042661815881729126e-01 1.849324529796731939e-02
3.089673072099685669e-02 1.744738744247728351e-03
1.494849473237991333e-01 3.631739444567595038e-02
1.890393346548080444e-01 5.575378292013882797e-02
1.244349628686904907e-01 2.581375910518358963e-02
1.694980263710021973e-01 4.574166789634176444e-02
1.208204180002212524e-01 2.442457361105904168e-02
7.535429298877716064e-02 9.939165105311594320e-03
6.341045349836349487e-02 7.120656786869203857e-03
1.003093495965003967e-01 1.718398067231504539e-02
9.236665815114974976e-02 1.468585295936970445e-02
1.291486173868179321e-01 2.767350096800463843e-02
9.763244539499282837e-02 1.632271578725172714e-02
1.294000446796417236e-01 2.777460136787420972e-02
1.010280773043632507e-01 1.741857180085867873e-02
2.945545315742492676e-01 1.209306319959208148e-01
2.887505888938903809e-01 1.169490383723166271e-01
8.605048805475234985e-02 1.282557139716157882e-02
2.030475735664367676e-01 6.338553861884768659e-02
8.745426684617996216e-02 1.322821612515311974e-02
2.895079255104064941e-01 1.174668648709113888e-01
1.850385367870330811e-01 5.364212679619570490e-02
8.085805177688598633e-02 1.138260995016426858e-02
7.026164233684539795e-02 8.683125565808875318e-03
2.922413870692253113e-02 1.563810349483415844e-03
1.387102305889129639e-01 3.161506387135738089e-02
2.205899916589260101e-02 8.976790418396801263e-04
1.218797117471694946e-01 2.482772815217645229e-02
1.221408993005752563e-01 2.492805913386585137e-02
1.576976031064987183e-01 4.007796063950847670e-02
1.445593684911727905e-01 3.413412470861178216e-02
1.303674429655075073e-01 2.816452333294292010e-02
1.028842404484748840e-01 1.803113580472420069e-02
1.260917335748672485e-01 2.646139137204795919e-02
1.569738090038299561e-01 3.974135928907857745e-02
5.475983768701553345e-02 5.354669375686276628e-03
1.187158897519111633e-01 2.363106817275484675e-02
5.426479130983352661e-02 5.261382027031610668e-03
2.246409654617309570e-01 7.583491456629228022e-02
1.653356999158859253e-01 4.370956551775397741e-02
1.897771805524826050e-01 5.614608556377513604e-02
1.972921043634414673e-01 6.020570313770817750e-02
9.897235780954360962e-02 1.675076412645299870e-02
1.217258274555206299e-01 2.476861598604760545e-02
9.233404695987701416e-02 1.467597625219950810e-02
1.193270683288574219e-01 2.385993211276080453e-02
1.160120591521263123e-01 2.262732075663997575e-02
7.280196994543075562e-02 9.300412998697221365e-03
1.575265526771545410e-01 3.999841342394459126e-02
1.153310090303421021e-01 2.237842131203825191e-02
1.243049204349517822e-01 2.576318333262947805e-02
7.854504883289337158e-02 1.076499770317468525e-02
1.932245343923568726e-01 5.799548618581878284e-02
2.175612747669219971e-01 7.166611930440024147e-02
1.108089089393615723e-01 2.075167865400866923e-02
1.675436943769454956e-01 4.478318173203505587e-02
2.226869314908981323e-01 7.467594838908664379e-02
1.498192548751831055e-01 3.646716709689368230e-02
1.114062517881393433e-01 2.096356006445527012e-02
3.185447454452514648e-01 1.377653862723398348e-01
1.866778731346130371e-01 5.450343811253526016e-02
1.880220472812652588e-01 5.521319074188247439e-02
1.178764477372169495e-01 2.331672795512259450e-02
9.713771939277648926e-02 1.616500392680225023e-02
1.483124643564224243e-01 3.579211201695227385e-02
1.357081979513168335e-01 3.035478678258095309e-02
2.095063626766204834e-01 6.702524819549422752e-02
1.140009462833404541e-01 2.189340809797823278e-02
1.853630840778350830e-01 5.381229502818048877e-02
1.888050287961959839e-01 5.562920567705503111e-02
1.274801492691040039e-01 2.700881381126852068e-02
3.203153610229492188e-02 1.872715836210408049e-03
8.179340511560440063e-02 1.163572359194228918e-02
5.129516869783401489e-02 4.713436126918399069e-03
1.251264065504074097e-01 2.608267362312283524e-02
1.038945466279983521e-01 1.836897369320474732e-02
3.510703891515731812e-02 2.243695288639398384e-03
1.103241592645645142e-01 2.057973477785833560e-02
1.079479381442070007e-01 1.974997483467096776e-02
1.164028421044349670e-01 2.277174482271991651e-02
3.770768940448760986e-01 1.809205268964958757e-01
1.558120101690292358e-01 3.920106329152914931e-02
1.289054453372955322e-01 2.757662567474689075e-02
2.355576157569885254e-01 8.242133328176955154e-02
1.549246907234191895e-01 3.879210030415457949e-02
2.151869237422943115e-01 7.028647026218558247e-02
1.384888291358947754e-01 3.152170908157563706e-02
1.533574759960174561e-01 3.807216738114134469e-02
1.142268627882003784e-01 2.197578954229605086e-02
1.330742537975311279e-01 2.926505351567592131e-02
4.580004513263702393e-02 3.777996962019363521e-03
1.637129783630371094e-01 4.292797055432712866e-02
2.276977449655532837e-01 7.766013747037682491e-02
1.025675535202026367e-01 1.792540599439017973e-02
1.534196436405181885e-01 3.810055288167749077e-02
1.315812617540359497e-01 2.865600443592290769e-02
2.473058998584747314e-01 8.971438182966204322e-02
1.901935935020446777e-01 5.636819016388196907e-02
1.341269612312316895e-01 2.969910779984518898e-02
2.513161301612854004e-02 1.160964268700735279e-03
2.414657622575759888e-01 8.606329170838888931e-02
1.426227241754531860e-01 3.329121818580749875e-02
2.697650790214538574e-01 1.041994864544606575e-01
1.148580387234687805e-01 2.220595061529201733e-02
1.125681698322296143e-01 2.137803677633069721e-02
4.958390444517135620e-02 4.411912854725592859e-03
2.034927457571029663e-01 6.363392384278930558e-02
1.565936058759689331e-01 3.956454535013679413e-02
1.432701796293258667e-01 3.357278220201582314e-02
8.899063616991043091e-02 1.367694174954674040e-02
2.362265288829803467e-01 8.283154369326355126e-02
9.737972170114517212e-02 1.624215094174569218e-02
1.599617451429367065e-01 4.114185240845157077e-02
1.743757277727127075e-01 4.816848657462106942e-02
8.333159983158111572e-02 1.205966601122319612e-02
9.982341527938842773e-02 1.702652661131872150e-02
5.484924465417861938e-02 5.371517370747621103e-03
1.190174072980880737e-01 2.374397542474617970e-02
1.054233014583587646e-01 1.888491420769754583e-02
2.514946460723876953e-01 9.236360608381993798e-02
2.783579230308532715e-01 1.099165692899405494e-01
6.223537772893905640e-02 6.866762790639059644e-03
1.011397391557693481e-01 1.745533368377922070e-02
1.684076935052871704e-01 4.520622219596769770e-02
1.137232333421707153e-01 2.179351065551198702e-02
1.016964986920356750e-01 1.763863289142605928e-02
8.987018465995788574e-02 1.393691781883494782e-02
1.558389663696289062e-01 3.921359930624777196e-02
1.399448215961456299e-01 3.214094602551000046e-02
1.088623628020286560e-01 2.006794928416061330e-02
7.491309940814971924e-02 9.827471253852741728e-03
2.000992298126220703e-01 6.174935013488894869e-02
2.042060047388076782e-01 6.403327134965736134e-02
9.433960914611816406e-02 1.529000959720075957e-02
1.183298677206039429e-01 2.348651709333793303e-02
1.426332443952560425e-01 3.329579319605935339e-02
1.127988994121551514e-01 2.146102971376529639e-02
1.614908576011657715e-01 4.186569589930569379e-02
2.745987474918365479e-01 1.074044360239438251e-01
6.948799639940261841e-02 8.500585224961772907e-03
1.757048964500427246e-01 4.883855868785843407e-02
5.640437826514244080e-02 5.672481924479650002e-03
1.228564530611038208e-01 2.520292755814272645e-02
1.527853757143020630e-01 3.781094865580954256e-02
1.485988348722457886e-01 3.592040846496218076e-02
1.517439037561416626e-01 3.733651204305084292e-02
2.156510204076766968e-01 7.055553729494991322e-02
3.316646441817283630e-02 2.006346590288795272e-03
2.441020160913467407e-01 8.770559621077501922e-02
2.008988410234451294e-01 6.219155481171499689e-02
