# det_z, det_zpdf, Ntot_bin
3.052481412887573242e-01 1.283626365794198476e-01
1.735871136188507080e-01 4.777301015029431636e-02
3.080736696720123291e-01 1.303459438022964989e-01
2.490817755460739136e-01 9.083426805909851354e-02
2.055496871471405029e-01 6.478677208755598271e-02
4.842097759246826172e-01 2.643509032240402012e-01
4.378561079502105713e-01 2.278352827463677177e-01
3.317756354808807373e-01 1.472856309725155410e-01
1.411386132240295410e-01 3.265186101486021453e-02
1.510113924741744995e-01 3.700518335337464604e-02
1.304865926504135132e-01 2.821254810201131655e-02
5.353558436036109924e-02 5.123969077311488728e-03
4.663160443305969238e-01 2.502139915910581158e-01
1.253914982080459595e-01 2.618577239632526726e-02
2.910007834434509277e-01 1.184884535696701241e-01
3.609356582164764404e-01 1.687716903556556736e-01
1.332809627056121826e-01 2.935028411655914160e-02
3.622439205646514893e-01 1.697503901253683556e-01
1.724705696105957031e-01 4.721476529313033826e-02
3.673253953456878662e-01 1.735615370690304082e-01
5.525469779968261719e-01 3.183734610189719039e-01
8.618207275867462158e-02 1.286328600597054159e-02
4.584900736808776855e-01 2.440443172335404476e-01
3.929368555545806885e-01 1.930045514242899329e-01
4.781601428985595703e-01 2.595676591131293454e-01
4.886638522148132324e-01 2.678743588079624538e-01
6.990368962287902832e-01 4.306128006425242183e-01
2.013014554977416992e-01 6.241421052374352546e-02
2.509662806987762451e-01 9.202770256918227365e-02
3.275206089019775391e-01 1.442070264008974700e-01
2.518863677978515625e-01 9.261263963316831993e-02
1.762034893035888672e-01 4.909053221387270349e-02
1.664261072874069214e-01 4.423908417549312494e-02
2.019043415784835815e-01 6.274936063842530276e-02
4.620183110237121582e-01 2.468245785195390118e-01
6.730591058731079102e-01 4.113056387081256426e-01
8.546821773052215576e-02 1.265885631949901016e-02
6.651437282562255859e-01 4.053618004680402120e-01
1.046809926629066467e-01 1.863288336408123330e-02
2.786598801612854004e-01 1.101190471699683426e-01
5.597198605537414551e-01 3.240173504249457270e-01
1.551975756883621216e-01 3.891785664764530611e-02
5.819838047027587891e-01 3.414702270713961263e-01
3.446341753005981445e-01 1.566804653895754740e-01
2.443356513977050781e-01 8.785157445045521651e-02
2.626278400421142578e-01 9.952293507133229411e-02
1.948878467082977295e-01 5.889576888350971789e-02
1.858554035425186157e-01 5.407043039165823628e-02
1.092621088027954102e-01 2.020773259006773681e-02
2.261001765727996826e-01 7.670388544233534833e-02
3.033770918846130371e-01 1.270536515991201598e-01
2.265570461750030518e-01 7.697735259756896542e-02
5.174139142036437988e-01 2.906293753059799312e-01
3.226824700832366943e-01 1.407256648083580475e-01
1.767790168523788452e-01 4.938169075126556951e-02
2.287747710943222046e-01 7.830715841658802967e-02
1.934462040662765503e-01 5.811494906917669817e-02
4.548569023609161377e-01 2.411836776244588310e-01
6.655747294425964355e-01 4.056860480019089388e-01
3.388433754444122314e-01 1.524329980520716110e-01
2.587732076644897461e-01 9.702494451400611730e-02
3.802155554294586182e-01 1.833009330676420023e-01
3.928948342800140381e-01 1.929723727259818056e-01
1.768471151590347290e-01 4.941636803652778992e-02
2.605226635932922363e-01 9.815605823605218216e-02
2.568822205066680908e-01 9.580685438696906475e-02
2.829589545726776123e-01 1.130141450496783134e-01
1.841540038585662842e-01 5.317888839211662444e-02
3.252497911453247070e-01 1.425703615413417835e-01
3.355242311954498291e-01 1.500105765578238215e-01
3.760937452316284180e-01 1.801758050214187223e-01
2.921895086765289307e-01 1.193039437596280922e-01
2.564711868762969971e-01 9.554236919463672539e-02
4.634842574596405029e-01 2.479803447023074536e-01
4.965282082557678223e-01 2.740980340823774841e-01
2.765502929687500000e-01 1.087064253901581790e-01
6.153649091720581055e-01 3.673999819815532697e-01
2.719665765762329102e-01 1.056555402177723896e-01
2.758845984935760498e-01 1.082615827203794318e-01
1.157731711864471436e-01 2.253965768148898097e-02
1.590384095907211304e-01 4.070709655393261323e-02
2.594860792160034180e-01 9.748562118709286350e-02
2.641789317131042480e-01 1.005333674461654642e-01
5.183768272399902344e-01 2.913912656633279030e-01
2.970004975795745850e-01 1.226201009829352567e-01
6.024085283279418945e-01 3.573745354781573957e-01
1.641492843627929688e-01 4.313808147880540678e-02
4.515805840492248535e-01 2.386061897834961254e-01
4.786537885665893555e-01 2.599578224937715287e-01
5.450357794761657715e-01 3.124543444135125525e-01
1.776209026575088501e-01 4.981039912385743645e-02
3.746730983257293701e-01 1.791010907371329286e-01
3.024461865425109863e-01 1.264036071028673547e-01
1.493458300828933716e-01 3.625506872819127951e-02
5.762889981269836426e-01 3.370164879821186399e-01
3.441684693098068237e-02 2.156899955053525730e-03
2.497713863849639893e-01 9.127082662887908704e-02
1.189352720975875854e-01 2.371321880743533853e-02
2.089678347110748291e-01 6.671841388505478365e-02
3.906678855419158936e-01 1.912677357817012258e-01
1.258780360221862793e-01 2.637726575960875827e-02
4.509510397911071777e-01 2.381111798854785577e-01
4.630776047706604004e-01 2.476597358352055633e-01
2.675334811210632324e-01 1.027303792241647112e-01
3.083295226097106934e-01 1.305260886877535331e-01
3.469672203063964844e-01 1.583990649910219650e-01
2.736985981464385986e-01 1.068050274384959308e-01
1.909668147563934326e-01 5.678211117464364993e-02
2.546958029270172119e-01 9.440427927110738027e-02
2.645268142223358154e-01 1.007608147321185921e-01
7.099326252937316895e-01 4.386142038882216987e-01
4.852744638919830322e-01 2.651930331883105563e-01
3.988099098205566406e-01 1.975119395889659291e-01
7.279941439628601074e-02 9.299780600292451710e-03
2.290034741163253784e-01 7.844474577336353616e-02
3.661662042140960693e-01 1.726906426098734071e-01
2.608227133750915527e-01 9.835072449535316175e-02
1.240885332226753235e-01 2.567902656843279105e-02
3.041839897632598877e-01 1.276174629459410348e-01
1.742172539234161377e-01 4.808901466689257526e-02
1.625751256942749023e-01 4.238338294155476194e-02
1.640921086072921753e-01 4.311054747548494215e-02
5.377540588378906250e-01 3.067084899984962032e-01
1.672655045986175537e-01 4.464697148711148367e-02
2.371473759412765503e-01 8.339642250437964699e-02
3.039842844009399414e-01 1.274776497604293846e-01
4.690722227096557617e-01 2.523890352074613652e-01
2.442033141851425171e-01 8.776888851725794805e-02
2.421804666519165039e-01 8.650784516717184569e-02
1.778080761432647705e-01 4.990571233615037627e-02
4.524029791355133057e-01 2.392529174118820934e-01
2.989315986633300781e-01 1.239582261624391363e-01
8.742786645889282227e-01 5.512400422628521701e-01
3.632875382900238037e-01 1.705316629068026890e-01
2.371535152196884155e-01 8.340018854593797548e-02
2.723063826560974121e-01 1.058810128620918667e-01
3.784143328666687012e-01 1.819341216619240476e-01
2.529123723506927490e-01 9.326547824041550583e-02
2.625453472137451172e-01 9.946920700727551745e-02
6.222628951072692871e-01 3.727151981288192584e-01
2.945701479911804199e-01 1.209414106233383385e-01
4.758886694908142090e-01 2.577725473136279755e-01
4.077560603618621826e-01 2.044083124513680905e-01
1.859264671802520752e-01 5.410769082776179656e-02
2.088471651077270508e-01 6.665003809642891519e-02
3.122425675392150879e-01 1.332872361320418253e-01
1.586303859949111938e-01 4.051563985429481457e-02
1.523840427398681641e-01 3.762770160740588898e-02
3.192946314811706543e-01 1.383004346615369362e-01
1.799128800630569458e-01 5.098254761728533008e-02
3.467366397380828857e-01 1.582290448319369769e-01
3.612705171108245850e-01 1.690221343701297230e-01
3.139598071575164795e-01 1.345036162091067800e-01
1.665826737880706787e-01 4.431511528592366189e-02
6.493856906890869141e-01 3.934488859312583742e-01
3.730772435665130615e-01 1.778952142925074031e-01
5.089114308357238770e-01 2.839003364390780826e-01
2.168127596378326416e-01 7.122975553591001652e-02
3.235719799995422363e-01 1.413642419148888052e-01
3.567367792129516602e-01 1.656393081534818235e-01
2.351007759571075439e-01 8.214242429557301606e-02
1.995355188846588135e-01 6.143760411963896523e-02
1.682383716106414795e-01 4.512331700484516900e-02
3.980518877506256104e-01 1.969293894763992636e-01
3.493059873580932617e-01 1.601258597181852983e-01
4.624100923538208008e-01 2.471334626651543742e-01
2.084287405014038086e-01 6.641294348731380248e-02
1.528616249561309814e-01 3.784576375797719938e-02
1.772015690803527832e-01 4.959686444452175019e-02
3.915127515792846680e-01 1.919140130564503388e-01
1.877448558807373047e-01 5.506682776812112101e-02
1.248810365796089172e-01 2.598724495820221511e-02
1.436950564384460449e-01 3.375755170245650638e-02
4.339639544486999512e-01 2.247894869392461914e-01
2.032335698604583740e-01 6.348904057465680484e-02
9.800057858228683472e-02 1.644007159551980068e-02
2.728549540042877197e-01 1.062450082106261989e-01
1.037916019558906555e-01 1.833454986074676066e-02
2.561205029487609863e-01 9.531756720494072299e-02
2.008757442235946655e-01 6.217878171301984697e-02
1.110218465328216553e-01 2.082720900936781139e-02
1.792210340499877930e-01 5.062759833347123262e-02
4.902135729789733887e-01 2.691005473943771098e-01
1.167151778936386108e-01 2.288717668685981074e-02
2.815212607383728027e-01 1.120435577546843864e-01
4.097321927547454834e-01 2.059362484526041093e-01
1.888641566038131714e-01 5.566064312939263820e-02
2.826054096221923828e-01 1.127754668075085231e-01
5.634250044822692871e-01 3.269290476118087985e-01
2.758050858974456787e-01 1.082084493433382033e-01
9.869409352540969849e-02 1.666115464237689914e-02
1.369278430938720703e-01 3.086383859194928234e-02
3.626804649829864502e-01 1.700769926084598760e-01
1.838339418172836304e-01 5.301226503224888004e-02
1.550347357988357544e-01 3.884281349132648331e-02
3.812148869037628174e-01 1.840601912507805193e-01
3.133744597434997559e-01 1.340884375450383803e-01
5.661405324935913086e-01 3.290614362402833892e-01
3.182917833328247070e-01 1.375849525990899269e-01
1.643164604902267456e-01 4.321858812025765328e-02
1.219815984368324280e-01 2.486686627901929167e-02
1.540552526712417603e-01 3.839142835670449755e-02
1.944918185472488403e-01 5.868092571296004006e-02
1.960029155015945435e-01 5.950176032430713052e-02
4.316869080066680908e-01 2.230095567939689161e-01
3.419400751590728760e-01 1.547008197305568544e-01
3.118674755096435547e-01 1.330217300503152567e-01
6.149595975875854492e-01 3.670871016451844326e-01
1.468051373958587646e-01 3.512287526986987429e-02
5.082131624221801758e-01 2.833476139964539176e-01
2.265185564756393433e-01 7.695431392627188893e-02
2.375596463680267334e-01 8.364949537503195420e-02
4.898617863655090332e-01 2.688222015984395030e-01
5.142093896865844727e-01 2.880935548663842716e-01
3.474588692188262939e-01 1.587615856791989299e-01
2.150863558053970337e-01 7.022816448584502658e-02
1.981438100337982178e-01 6.067267336357800439e-02
2.179976850748062134e-01 7.192053453150194786e-02
4.169476926326751709e-01 2.115284511077433482e-01
5.811061859130859375e-01 3.407844145141201708e-01
1.892629116773605347e-01 5.587265578679039696e-02
2.415100187063217163e-01 8.609081967312390282e-02
3.114376664161682129e-01 1.327177950851792521e-01
6.192552670836448669e-02 6.800923523356429759e-03
1.453233212232589722e-01 3.446972007831054091e-02
3.611404895782470703e-01 1.689248537424857810e-01
3.251022398471832275e-01 1.424640940213673101e-01
2.485996335744857788e-01 9.052986422070287420e-02
4.957340955734252930e-01 2.734694829296451801e-01
3.548470437526702881e-01 1.642334489436330092e-01
2.805105447769165039e-01 1.113627822817310487e-01
9.535071253776550293e-02 1.560349920309797057e-02
2.922164201736450195e-01 1.193224056053806409e-01
3.378869891166687012e-01 1.517339437758703224e-01
3.631130158901214600e-01 1.704008744299379541e-01
2.610336542129516602e-01 9.848757866533054683e-02
3.217248916625976562e-01 1.400392800805440874e-01
3.531081676483154297e-01 1.629419874973739302e-01
5.912998914718627930e-01 3.487385783744488266e-01
2.967519760131835938e-01 1.224480572197309547e-01
5.110236406326293945e-01 2.855722079799735136e-01
3.907358348369598389e-01 1.913197047187119304e-01
2.456761449575424194e-01 8.869072971729922983e-02
3.044604957103729248e-01 1.278110866323727279e-01
1.969897449016571045e-01 6.004060415455222260e-02
1.748441010713577271e-01 4.840353912189111069e-02
1.657931357622146606e-01 4.393170342847984439e-02
2.131541371345520020e-01 6.911293594644640770e-02
1.698540747165679932e-01 4.591741818781270440e-02
9.623413532972335815e-02 1.588046446464376482e-02
2.560551166534423828e-01 9.527565205533648773e-02
2.344651967287063599e-01 8.175439164542490367e-02
3.289033472537994385e-01 1.452055329972383180e-01
3.701505362987518311e-01 1.756874757837670331e-01
2.852688729763031006e-01 1.145790135937096860e-01
5.939281582832336426e-01 3.507849206022292665e-01
3.557867407798767090e-01 1.649322269996676971e-01
5.558978915214538574e-01 3.210111839565771286e-01
2.454807460308074951e-01 8.856809999745643425e-02
4.386714696884155273e-01 2.284738015987270165e-01
5.595575645565986633e-02 5.585221462755206139e-03
1.488423645496368408e-01 3.602951184980066057e-02
3.730816841125488281e-01 1.778985685309646958e-01
4.694108068943023682e-01 2.526562931629966480e-01
3.362838625907897949e-01 1.505638473984713954e-01
4.524909257888793945e-01 2.393221041430475260e-01
1.578128337860107422e-01 4.013202025654345750e-02
3.627779781818389893e-01 1.701499475050106402e-01
5.431409925222396851e-02 5.270673696307941886e-03
4.276425540447235107e-01 2.198520286796042111e-01
3.593545854091644287e-01 1.675908200275864623e-01
4.018993973731994629e-01 1.998896487802138688e-01
1.035697534680366516e-01 1.826036559243460200e-02
3.891507387161254883e-01 1.901077318275803674e-01
2.370828092098236084e-01 8.335681508187424427e-02
9.553219377994537354e-02 1.566039608210491665e-02
2.078171670436859131e-01 6.606640370998820289e-02
2.072844803333282471e-01 6.576456403453780075e-02
2.351405769586563110e-01 8.216672352912154920e-02
3.771526813507080078e-01 1.809779438430268728e-01
4.717022180557250977e-01 2.544655034681735928e-01
1.128174588084220886e-01 2.146770548898970996e-02
3.561908006668090820e-01 1.652329549714166013e-01
3.007324337959289551e-01 1.252096180821144211e-01
1.620786637067794800e-01 4.214632846519666964e-02
2.437201887369155884e-01 8.746702573985432050e-02
1.285037547349929810e-01 2.741659949174860347e-02
3.994760811328887939e-01 1.980243182176461558e-01
1.713977456092834473e-01 4.668096643737513346e-02
2.213624268770217896e-01 7.389421286714083215e-02
2.975368499755859375e-01 1.229914010916278722e-01
2.883844077587127686e-01 1.166994020240705587e-01
2.006541043519973755e-01 6.205620940979943156e-02
2.813440263271331787e-01 1.119239067805476856e-01
3.575592637062072754e-01 1.662519285175127759e-01
5.900109410285949707e-01 3.477342680537410802e-01
2.570329904556274414e-01 9.590389692584821990e-02
2.163814306259155273e-01 7.097900362164792643e-02
3.411962985992431641e-01 1.541556692688930696e-01
1.871083676815032959e-01 5.473074841852201833e-02
4.559232890605926514e-01 2.420229931711337101e-01
3.817940056324005127e-01 1.845001860323249310e-01
1.193063333630561829e-01 2.385216762927240899e-02
3.604162037372589111e-01 1.683837206312673862e-01
2.125989198684692383e-01 6.879349470238159403e-02
3.336652815341949463e-01 1.486577885905749075e-01
3.957392573356628418e-01 1.951533197591662494e-01
1.855851262807846069e-01 5.392871728827255962e-02
2.388269603252410889e-01 8.443056771858968579e-02
4.216983914375305176e-01 2.152208700858974921e-01
9.712050110101699829e-02 1.615951497167358170e-02
1.511119157075881958e-01 3.705065191069096403e-02
3.852052390575408936e-01 1.870968436790324541e-01
1.752370297908782959e-01 4.860211323747599954e-02
1.571975499391555786e-01 3.984541029018422859e-02
2.502987980842590332e-01 9.160470493261974045e-02
3.410921096801757812e-01 1.540793040802094505e-01
1.252084970474243164e-01 2.611460005041750868e-02
1.368824392557144165e-01 3.084470335022669249e-02
2.803994715213775635e-01 1.112880478726102074e-01
3.350728750228881836e-01 1.496818352622999726e-01
3.775883913040161133e-01 1.813080404841133364e-01
2.244611233472824097e-01 7.572781734000530451e-02
2.134045064449310303e-01 6.925728081809157111e-02
4.849392473697662354e-01 2.649278765183525897e-01
3.054577708244323730e-01 1.285094299627309866e-01
1.133921667933464050e-01 2.167442672452172397e-02
6.898825615644454956e-02 8.382672430659371746e-03
2.808895111083984375e-01 1.116177655783182898e-01
3.724785745143890381e-01 1.774429999157936255e-01
2.181821167469024658e-01 7.202805313244563246e-02
4.598700702190399170e-01 2.451314576560442160e-01
1.578078866004943848e-01 4.012969889125678202e-02
3.378754258155822754e-01 1.517255037261875938e-01
4.944686889648437500e-01 2.724679490880461685e-01
5.678717494010925293e-01 3.304200300774015608e-01
2.860623300075531006e-01 1.151182034497335444e-01
3.640868961811065674e-01 1.711307080786718116e-01
2.406644821166992188e-01 8.556668601626253590e-02
2.760054767131805420e-01 1.083423581991197482e-01
3.290543854236602783e-01 1.453148135867886048e-01
2.123417109251022339e-01 6.864604692544851172e-02
2.025773078203201294e-01 6.312384832695694392e-02
1.915771365165710449e-01 5.710882878417876396e-02
1.425119638442993164e-01 3.324305097447317198e-02
1.640666723251342773e-01 4.309829818080992969e-02
2.667185068130493164e-01 1.021955303111500291e-01
4.245454967021942139e-01 2.174377256470972353e-01
3.175031840801239014e-01 1.370224578502838020e-01
4.047059416770935059e-01 2.020529832451175012e-01
3.003462255001068115e-01 1.249406975452695689e-01
1.482286006212234497e-01 3.575454034407268833e-02
2.034327387809753418e-01 6.360032645821241115e-02
5.672008171677589417e-02 5.733888722756598846e-03
3.049761950969696045e-01 1.281722058682009391e-01
3.992865681648254395e-01 1.978785089477382575e-01
1.097043678164482117e-01 2.036238185954643981e-02
2.350083142518997192e-01 8.208597474702615526e-02
1.295265853404998779e-01 2.782560516213744561e-02
3.997927010059356689e-01 1.982679221936646530e-01
3.357801735401153564e-01 1.501969899117993057e-01
2.078095525503158569e-01 6.606208906094056255e-02
2.992329895496368408e-01 1.241674823580683484e-01
2.851787805557250977e-01 1.145177917286721303e-01
3.210916221141815186e-01 1.395853720171889301e-01
2.108304947614669800e-01 6.777995526744061416e-02
2.962650060653686523e-01 1.221112208165339996e-01
3.970040380954742432e-01 1.961241888593779070e-01
3.521304726600646973e-01 1.622169610558808761e-01
3.468153178691864014e-01 1.582870586900194942e-01
2.665303051471710205e-01 1.020720178820676144e-01
3.231810331344604492e-01 1.410833421398699494e-01
2.233335226774215698e-01 7.505900029056727929e-02
1.424878537654876709e-01 3.323262001169904889e-02
5.469935387372970581e-02 5.343271707027277134e-03
2.279611378908157349e-01 7.781779583423557856e-02
3.890731930732727051e-01 1.900484987574009577e-01
1.697860360145568848e-01 4.588383336187915051e-02
2.788594961166381836e-01 1.102528999966981282e-01
6.760922670364379883e-01 4.135760315603245751e-01
2.818768918514251709e-01 1.122836443654752631e-01
4.972997009754180908e-01 2.747086897496469060e-01
6.555513143539428711e-01 3.981224113452581093e-01
2.637203931808471680e-01 1.002345213532402218e-01
4.245832562446594238e-01 2.174671444321963631e-01
1.589879095554351807e-01 4.068340044864181965e-02
7.762873917818069458e-02 1.052419882496123844e-02
6.699001789093017578e-02 7.919384844292920098e-03
2.812887728214263916e-01 1.118866051316407678e-01
3.175666928291320801e-01 1.370677575861103392e-01
2.384668737649917603e-01 8.420863877044190704e-02
2.814674079418182373e-01 1.120072017247087659e-01
3.570716083049774170e-01 1.658885100094044385e-01
1.268106848001480103e-01 2.674441853535362498e-02
2.722366154193878174e-01 1.058347199783563897e-01
3.736221790313720703e-01 1.783068401327210228e-01
6.795527786016464233e-02 8.141527269343980244e-03
3.972348272800445557e-01 1.963014675622601901e-01
1.687737852334976196e-01 4.538547193067669905e-02
2.516531944274902344e-01 9.246440176873574335e-02
7.032337784767150879e-01 4.337018113511567630e-01
2.224352955818176270e-01 7.452687488566887841e-02
7.325685769319534302e-02 9.412979914746386415e-03
3.654669523239135742e-01 1.721657554969957815e-01
1.964010000228881836e-01 5.971912858289523535e-02
3.225430548191070557e-01 1.406257330366511848e-01
2.904326915740966797e-01 1.180993009535880184e-01
2.111111730337142944e-01 6.794062792196468858e-02
5.668233633041381836e-01 3.295973100850782544e-01
1.311350762844085693e-01 2.847409052109466446e-02
3.139748275279998779e-01 1.345142758653345982e-01
2.645354568958282471e-01 1.007664653543173805e-01
2.422190159559249878e-01 8.653182322938379745e-02
5.017063021659851074e-01 2.781968313788792946e-01
3.751644790172576904e-01 1.794728184662504888e-01
2.401940673589706421e-01 8.527541467621152504e-02
3.859666585922241211e-01 1.876771977943588465e-01
5.652515292167663574e-01 3.283634476928830037e-01
2.807957231998443604e-01 1.115546614233670492e-01
3.272469043731689453e-01 1.440094445781107957e-01
3.444023132324218750e-01 1.565098358404420076e-01
4.849007129669189453e-01 2.648973957596171824e-01
2.574342489242553711e-01 9.616216550530443108e-02
3.112839460372924805e-01 1.326092714140418571e-01
1.456764042377471924e-01 3.462482525668715561e-02
3.863468468189239502e-01 1.879672269793539185e-01
1.759980469942092896e-01 4.898670797588230291e-02
2.271667122840881348e-01 7.734227872898541412e-02
1.958283931016921997e-01 5.940646490807714730e-02
2.849685251712799072e-01 1.143749832552656831e-01
4.514180719852447510e-01 2.384784067417478892e-01
1.814065426588058472e-01 5.175230294172750156e-02
6.778046488761901855e-01 4.148558931667881700e-01
2.472405880689620972e-01 8.967321368693237371e-02
4.511252939701080322e-01 2.382481957382388549e-01
1.437897235155105591e-01 3.379872031453870496e-02
1.762709319591522217e-01 4.912461566213154052e-02
1.888917833566665649e-01 5.567533189870561838e-02
3.158370554447174072e-01 1.358366543758853240e-01
2.245511263608932495e-01 7.578141475874532185e-02
5.014467239379882812e-01 2.779913504589099915e-01
4.177603423595428467e-01 2.121594262425101629e-01
2.363690584897994995e-01 8.291897618720865670e-02
1.298517882823944092e-01 2.795668227071031881e-02
4.106326699256896973e-01 2.066329365441870736e-01
3.885374069213867188e-01 1.896392396737400510e-01
1.697810441255569458e-01 4.588136929777758555e-02
3.170500993728637695e-01 1.366997273312686167e-01
1.710486114025115967e-01 4.650724974213727575e-02
7.783788442611694336e-02 1.057833164437020634e-02
4.801424443721771240e-01 2.611346536017742359e-01
5.632429122924804688e-01 3.267860118694452254e-01
2.692484259605407715e-01 1.038591555151383988e-01
4.076916575431823730e-01 2.043585479561225715e-01
2.871883511543273926e-01 1.158840153907052944e-01
1.206445395946502686e-01 2.435786014853415574e-02
3.531015515327453613e-01 1.629370812037077842e-01
1.282636970281600952e-01 2.732096489561021760e-02
2.871708869934082031e-01 1.158721095634022702e-01
1.474352627992630005e-01 3.540243987199128556e-02
1.244858279824256897e-01 2.583354143583713181e-02
3.623993396759033203e-01 1.698666675659283032e-01
3.099000155925750732e-01 1.316322427756921598e-01
1.332658529281616211e-01 2.934405402505859545e-02
1.731639951467514038e-01 4.756082351936338076e-02
2.045173645019531250e-01 6.420759897586401921e-02
1.470562964677810669e-01 3.523430576550107274e-02
1.640540510416030884e-01 4.309222017694951112e-02
3.605684041976928711e-01 1.684973959831004842e-01
1.348415166139602661e-01 2.999373460233604322e-02
2.601054608821868896e-01 9.788588219448256245e-02
3.090644180774688721e-01 1.310435252317820320e-01
1.992221474647521973e-01 6.126526872355801678e-02
1.790095567703247070e-01 5.051910062221556114e-02
1.272111237049102783e-01 2.690205800143539300e-02
8.785519748926162720e-02 1.334531547774792451e-02
2.764733135700225830e-01 1.086549847931201490e-01
2.740101218223571777e-01 1.070124707553972293e-01
3.232501745223999023e-01 1.411330210145493036e-01
1.980346292257308960e-01 6.061267355423972936e-02
1.349527835845947266e-01 3.003985408818899555e-02
1.482734531164169312e-01 3.577463464673216742e-02
2.026553750038146973e-01 6.316729062358279745e-02
1.441642045974731445e-01 3.396157383102504229e-02
2.174709737300872803e-01 7.161347627929570692e-02
4.329159259796142578e-01 2.239700314454821928e-01
2.658623158931732178e-01 1.016339722561597075e-01
2.417203187942504883e-01 8.622162848332769192e-02
3.402989208698272705e-01 1.534979369472534994e-01
2.731272578239440918e-01 1.064256908585078792e-01
1.798277348279953003e-01 5.093886413912052102e-02
8.382596820592880249e-02 1.219716685411071505e-02
4.859375655651092529e-01 2.657175474047547281e-01
3.487898111343383789e-01 1.597445179972790119e-01
3.302393853664398193e-01 1.461721961443455953e-01
2.204697728157043457e-01 7.336817305350779028e-02
1.883021742105484009e-01 5.536184472277457663e-02
2.351529747247695923e-01 8.217429259026433341e-02
1.916915923357009888e-01 5.717009930419534453e-02
3.254257142543792725e-01 1.426970626462517877e-01
6.818729639053344727e-02 8.194923411974639957e-03
4.033903777599334717e-01 2.010385664902982761e-01
1.596734225749969482e-01 4.100536773530252116e-02
3.162514865398406982e-01 1.361315194354033031e-01
5.107511281967163086e-01 2.853565084516022088e-01
4.245346486568450928e-01 2.174292738414334014e-01
5.652013793587684631e-02 5.694998088660353959e-03
2.129897028207778931e-01 6.901813499069088531e-02
1.307110637426376343e-01 2.830302398010615603e-02
1.092572063207626343e-01 2.020601828862537627e-02
1.213700696825981140e-01 2.463306519247259602e-02
2.022229135036468506e-01 6.292663738199551215e-02
2.703334391117095947e-02 1.340741130302284265e-03
2.582690715789794922e-01 9.669949612382248982e-02
5.313214063644409180e-01 3.016273336826784668e-01
3.373577892780303955e-01 1.513476809866537431e-01
4.823329448699951172e-01 2.628666231283251498e-01
3.359515368938446045e-01 1.503218009021764778e-01
7.115044593811035156e-01 4.397636094337309953e-01
3.482334911823272705e-01 1.593335188111267564e-01
8.636692166328430176e-02 1.291626711941544318e-02
8.571958541870117188e-02 1.273072858412536805e-02
2.019504606723785400e-01 6.277502467890193338e-02
1.166986376047134399e-01 2.288106379025928519e-02
1.564053595066070557e-01 3.947700114121453774e-02
1.963609009981155396e-01 5.969723309407395234e-02
1.759397238492965698e-01 4.895723324842205654e-02
3.166900277137756348e-01 1.364435386609754997e-01
1.976014673709869385e-01 6.037463145547429522e-02
3.675035536289215088e-01 1.736954859398175954e-01
8.202660828828811646e-02 1.169999680532980355e-02
1.967326253652572632e-01 5.990020777416899672e-02
2.517206370830535889e-01 9.250727782793960463e-02
3.114362061023712158e-01 1.327167641313433399e-01
4.174090325832366943e-01 2.118866546828566677e-01
1.559642851352691650e-01 3.927187895455270389e-02
1.238253489136695862e-01 2.557666959640910592e-02
3.255683779716491699e-01 1.427998100948718319e-01
3.057577013969421387e-01 1.287194567767263043e-01
9.207829087972640991e-02 1.459851732438792113e-02
2.865540683269500732e-01 1.154523618265512197e-01
5.572730898857116699e-01 3.220931559476822303e-01
2.834195494651794434e-01 1.133258070307841120e-01
5.335940420627593994e-02 5.090769401043314206e-03
2.192790657281875610e-01 7.267001999963899894e-02
3.374253213405609131e-01 1.513969726170172614e-01
1.470625698566436768e-01 3.523708904872033948e-02
2.280529886484146118e-01 7.787293530038447154e-02
2.888779640197753906e-01 1.170360419925479123e-01
3.397123217582702637e-01 1.530685763618150619e-01
1.048663631081581116e-01 1.869582087739710824e-02
3.278007805347442627e-01 1.444092766966310892e-01
1.956856250762939453e-01 5.932855940406841361e-02
1.848435550928115845e-01 5.353989303515250403e-02
4.879622161388397217e-01 2.673192389719364348e-01
1.508589535951614380e-01 3.693623236888814165e-02
4.505129456520080566e-01 2.377667069873125594e-01
1.223423480987548828e-01 2.500544243723526114e-02
3.031091392040252686e-01 1.268665421719909203e-01
3.781194984912872314e-01 1.817104319290746561e-01
4.755330383777618408e-01 2.574915354783283705e-01
3.601233065128326416e-01 1.681649617987207579e-01
2.705566883087158203e-01 1.047227674303293221e-01
3.726819157600402832e-01 1.775965970231372093e-01
4.354168474674224854e-01 2.259258956306610389e-01
1.236283630132675171e-01 2.550005834107748476e-02
7.969513535499572754e-01 5.002399270355457617e-01
4.432667195796966553e-01 2.320760663849502636e-01
3.151699006557464600e-01 1.353623953390161450e-01
3.895278871059417725e-01 1.903958428963798966e-01
1.973711550235748291e-01 6.024886760006303160e-02
1.270650029182434082e-01 2.684453511212650176e-02
4.457595050334930420e-01 2.340323712115700283e-01
2.975423336029052734e-01 1.229951972365408847e-01
3.341053128242492676e-01 1.489775857783261770e-01
1.889937072992324829e-01 5.572952347481177626e-02
2.181636542081832886e-01 7.201728997929307541e-02
2.815673947334289551e-01 1.120747028207620122e-01
8.542113900184631348e-01 5.383653652707314219e-01
1.735248267650604248e-01 4.774177436521626072e-02
4.249768555164337158e-01 2.177738010184665784e-01
2.552770376205444336e-01 9.477687323771237515e-02
1.576783955097198486e-01 4.006902812266364272e-02
7.140747904777526855e-01 4.416406048089799308e-01
1.219873875379562378e-01 2.486909006874922848e-02
4.431121349334716797e-01 2.319547831422150430e-01
3.441029489040374756e-01 1.562895307220556751e-01
1.059568375349044800e-01 1.906606192990613693e-02
3.276017904281616211e-01 1.442656297202867255e-01
1.950071454048156738e-01 5.896048779171683685e-02
1.615655869245529175e-01 4.190134062925819636e-02
1.856059879064559937e-01 5.393965555846441662e-02
3.394241034984588623e-01 1.528577632523206442e-01
1.464060097932815552e-01 3.494579631255859131e-02
4.885640740394592285e-01 2.677954112096312955e-01
2.504938840866088867e-01 9.172820424754804525e-02
1.766521036624908447e-01 4.931724814256923523e-02
3.000417351722717285e-01 1.247289957943177041e-01
1.391129940748214722e-01 3.178662362543201170e-02
1.775193363428115845e-01 4.975867912903308987e-02
2.457448393106460571e-01 8.873384136287806867e-02
3.252488374710083008e-01 1.425696746981506835e-01
4.271970689296722412e-01 2.195045834729642265e-01
4.541471004486083984e-01 2.406250174496459282e-01
1.333395540714263916e-01 2.937444261732852224e-02
2.985149621963500977e-01 1.236689547677099488e-01
1.349020898342132568e-01 3.001871983379859540e-02
1.858554929494857788e-01 5.407047726995906078e-02
1.905562728643417358e-01 5.656233977808371172e-02
3.163742125034332275e-01 1.362188381694098560e-01
6.690652370452880859e-01 4.083099910395650567e-01
1.832192987203598022e-01 5.269228363889608829e-02
5.738770961761474609e-01 3.351279869841714554e-01
3.031261265277862549e-01 1.268784042978349513e-01
2.338072657585144043e-01 8.135271285138954978e-02
1.440625041723251343e-01 3.391734657186228075e-02
2.884389758110046387e-01 1.167366026551146380e-01
3.649611473083496094e-01 1.717860775325514011e-01
1.012051999568939209e-01 1.747688502182818612e-02
6.338451504707336426e-01 3.816026740382071347e-01
2.803466618061065674e-01 1.112525154409058498e-01
2.070036530494689941e-01 6.560576054998334961e-02
3.536019027233123779e-01 1.633083997958106881e-01
1.453269571065902710e-01 3.447131727871247803e-02
3.314127326011657715e-01 1.470224696678961995e-01
2.083673030138015747e-01 6.637813077102527881e-02
1.607290059328079224e-01 4.150505442511624732e-02
2.508512735366821289e-01 9.195458780450367631e-02
2.746877372264862061e-01 1.074636942028654035e-01
5.268431305885314941e-01 2.980875568564553268e-01
5.792363733053207397e-02 5.973558873445135135e-03
3.886449337005615234e-01 1.897213737695153668e-01
3.551082909107208252e-01 1.644275365652177467e-01
2.088371664285659790e-01 6.664437248094756683e-02
1.166363582015037537e-01 2.285804680706839467e-02
3.823298513889312744e-01 1.849077548107020408e-01
3.279382288455963135e-01 1.445084978820287691e-01
3.741404116153717041e-01 1.786982955188557987e-01
9.079999923706054688e-01 5.722899381457060564e-01
1.659278571605682373e-01 4.399712621989533556e-02
2.679589688777923584e-01 1.030097612631969833e-01
1.717872470617294312e-01 4.687476843041064878e-02
1.533779054880142212e-01 3.808149540636546898e-02
8.858811110258102417e-02 1.355937671529254193e-02
1.343822330236434937e-01 2.980436193938746509e-02
1.969401091337203979e-01 6.001350126593694989e-02
4.286633804440498352e-02 3.319754327912054562e-03
2.420375198125839233e-01 8.641893076794526785e-02
1.218803897500038147e-01 2.482798859601869496e-02
6.817653775215148926e-02 8.192447446849606199e-03
4.285345375537872314e-01 2.205480768118263657e-01
1.423342972993850708e-01 3.316652408849510986e-02
7.978705316781997681e-02 1.109345652000063784e-02
1.394303143024444580e-01 3.192178826204525310e-02
3.041675090789794922e-01 1.276059223231131856e-01
2.295472323894500732e-01 7.877186984399782432e-02
5.020884275436401367e-01 2.784993228996738845e-01
4.439385831356048584e-01 2.326031937079159062e-01
1.784693747758865356e-01 5.024246140456438414e-02
6.368180513381958008e-01 3.838760686915489440e-01
2.872277498245239258e-01 1.159108746120271205e-01
5.870487689971923828e-01 3.454247527613512614e-01
2.771539613604545593e-02 1.408704312302141819e-03
3.572770953178405762e-01 1.660415485299928384e-01
1.903080791234970093e-01 5.642947663768582006e-02
9.579637646675109863e-02 1.574322100762541241e-02
4.263124167919158936e-01 2.188147921892450720e-01
1.461890339851379395e-01 3.485001742155367788e-02
2.323849648237228394e-01 8.048824437463161785e-02
1.563748419284820557e-01 3.946280890343469017e-02
5.082881450653076172e-01 2.834069673752692142e-01
2.559615075588226318e-01 9.521564499749378407e-02
2.208237200975418091e-01 7.357675370108687773e-02
4.780438840389251709e-01 2.594757714442157415e-01
4.635238051414489746e-01 2.480115244726734669e-01
1.593192070722579956e-01 4.083885501014379582e-02
3.881055116653442383e-01 1.893093374243010885e-01
5.130216479301452637e-01 2.871535716631627433e-01
1.242586299777030945e-01 2.574518016574059084e-02
2.092168927192687988e-01 6.686026086044702388e-02
1.318049281835556030e-01 2.874719529393886946e-02
2.300813794136047363e-01 7.909375632818382851e-02
4.025249183177947998e-01 2.003714541876809030e-01
3.374448418617248535e-01 1.514112206390332005e-01
2.285117805004119873e-01 7.814894371371267079e-02
2.257572710514068604e-01 7.649968228607544052e-02
1.525291949510574341e-01 3.769397753279481872e-02
3.105864822864532471e-01 1.321168752380766087e-01
1.637120544910430908e-01 4.292752564731491111e-02
2.300433963537216187e-01 7.907079175252537673e-02
1.179992482066154480e-01 2.336271222276748577e-02
8.109983801841735840e-02 1.144790492930243889e-02
4.723151326179504395e-01 2.549495509574398744e-01
4.317988753318786621e-01 2.230970589949372862e-01
2.021525353193283081e-01 6.288747380746527449e-02
1.209273114800453186e-01 2.446511999955537642e-02
2.606025040149688721e-01 9.820785709468024538e-02
5.941859483718872070e-01 3.509855564056038046e-01
4.565194845199584961e-01 2.424924244245069971e-01
3.364476561546325684e-01 1.506833751174255775e-01
3.743769526481628418e-01 1.788770575951969255e-01
4.047008156776428223e-01 2.020490264593585439e-01
1.211323887109756470e-01 2.454290903861313863e-02
5.081220269203186035e-01 2.832754746353978170e-01
3.295602798461914062e-01 1.456808431857657682e-01
2.441665828227996826e-01 8.774593830609578315e-02
2.803483605384826660e-01 1.112536584141604473e-01
2.785718441009521484e-01 1.100600144362926525e-01
2.295366972684860229e-01 7.876553193278852671e-02
1.011978164315223694e-01 1.747445418003367931e-02
2.500394284725189209e-01 9.144051083884932596e-02
6.790057420730590820e-01 4.157528150210412776e-01
1.718818396329879761e-01 4.692183431096420831e-02
4.025610089302062988e-01 2.003992528607211887e-01
2.029344886541366577e-01 6.332260989407316465e-02
2.471656352281570435e-01 8.962596847636195019e-02
4.305671453475952148e-01 2.221348837946157950e-01
2.256266325712203979e-01 7.642188616519897393e-02
3.206695914268493652e-01 1.392835991612692836e-01
4.156847596168518066e-01 2.105481524683158467e-01
2.627217173576354980e-01 9.958407791879574089e-02
2.271796613931655884e-01 7.735002964085423149e-02
5.956104397773742676e-01 3.520937411423979424e-01
3.917143642902374268e-01 1.920684023430138110e-01
2.245439440011978149e-01 7.577713761373991441e-02
3.688832521438598633e-01 1.747331541533027055e-01
2.168503254652023315e-01 7.125165538183221570e-02
3.803125917911529541e-01 1.833746580063363441e-01
5.327511429786682129e-01 3.027570487665483534e-01
2.019477039575576782e-01 6.277349064094130127e-02
3.105518817901611328e-01 1.320924479441273058e-01
2.653315365314483643e-01 1.012869461135378207e-01
4.398763477802276611e-01 2.294178475442325282e-01
2.704747319221496582e-01 1.046685826942623243e-01
2.773540914058685303e-01 1.092435544426989397e-01
2.719974219799041748e-01 1.056760071697870063e-01
3.209606707096099854e-01 1.394917352733918148e-01
3.550254404544830322e-01 1.643659847071290425e-01
3.044513761997222900e-01 1.278047006819471865e-01
3.191989064216613770e-01 1.382319884316041969e-01
1.946571171283721924e-01 5.877059931385207603e-02
3.214613199234008789e-01 1.398503539178729271e-01
1.675796359777450562e-01 4.480077984177610606e-02
2.348259538412094116e-01 8.197464040776485106e-02
3.376591503620147705e-01 1.515676443433332521e-01
4.238127171993255615e-01 2.168668108183539889e-01
3.240078389644622803e-01 1.416774115451411853e-01
5.963461995124816895e-01 3.526659849433848581e-01
1.142353489995002747e-01 2.197888407646523407e-02
3.451832532882690430e-01 1.570845372164693943e-01
4.959107637405395508e-01 2.736093113986177716e-01
3.962816596031188965e-01 1.955696777700489941e-01
6.613997220993041992e-01 4.025408058047174054e-01
3.225258886814117432e-01 1.406134284833157333e-01
4.612590968608856201e-01 2.462261448078680581e-01
2.124698311090469360e-01 6.871949319079065366e-02
1.661282032728195190e-01 4.409441738575986536e-02
4.512392282485961914e-01 2.383377821252924966e-01
2.898965775966644287e-01 1.177326592297314317e-01
1.891676038503646851e-01 5.582198190948411964e-02
4.459919929504394531e-01 2.342148812324555962e-01
1.878556013107299805e-01 5.512530371807243534e-02
2.501426339149475098e-01 9.150584510826527407e-02
2.203378081321716309e-01 7.329060224309336125e-02
2.108077853918075562e-01 6.776701175366464658e-02
1.996724456548690796e-01 6.151332799312910632e-02
4.306587874889373779e-01 2.222064495318665789e-01
3.413084447383880615e-01 1.542378666959572375e-01
1.875579655170440674e-01 5.496814566851274814e-02
2.407097369432449341e-01 8.559470689306367119e-02
3.285467028617858887e-01 1.449477430993453553e-01
1.831247955560684204e-01 5.264308556876799716e-02
2.946904599666595459e-01 1.210244513082325002e-01
1.774697005748748779e-01 4.973340340973145951e-02
1.045106574892997742e-01 1.857505066997241008e-02
2.374264001846313477e-01 8.356758543685449681e-02
1.424838602542877197e-01 3.323090106871810084e-02
2.385601550340652466e-01 8.426612998564592116e-02
2.882086932659149170e-01 1.165796123350285873e-01
3.075737953186035156e-01 1.299944165635023852e-01
5.675286054611206055e-01 3.301507481969191415e-01
1.372029632329940796e-01 3.097978672713935788e-02
2.504967153072357178e-01 9.172999655352394310e-02
1.791906952857971191e-01 5.061203313194103520e-02
2.592127919197082520e-01 9.730901562303743979e-02
3.496445715427398682e-01 1.603760621820427279e-01
1.136969104409217834e-01 2.178404236411582082e-02
1.426924616098403931e-01 3.332154544923338763e-02
2.710523009300231934e-01 1.050504373069817143e-01
1.445064842700958252e-01 3.411089329784754154e-02
1.119293421506881714e-01 2.114910363300161536e-02
2.496474832296371460e-01 9.119238965946044329e-02
1.349312067031860352e-01 3.003085867362188799e-02
2.070571780204772949e-01 6.563591004223578995e-02
2.955776453018188477e-01 1.216367966509657866e-01
3.107273578643798828e-01 1.322163307234326679e-01
2.882075905799865723e-01 1.165788606019053653e-01
1.191684901714324951e-01 2.380055041438961655e-02
2.304513752460479736e-01 7.931745598043933587e-02
2.822867631912231445e-01 1.125603485604142473e-01
6.288955211639404297e-01 3.778106930862391022e-01
3.030703067779541016e-01 1.268394257685264148e-01
1.118161380290985107e-01 2.110894939159759995e-02
2.956789135932922363e-01 1.217066931699824633e-01
1.030344814062118530e-01 1.808137511727506835e-02
9.862080216407775879e-02 1.663779036215157908e-02
9.353762120008468628e-02 1.504283215856649231e-02
3.855377137660980225e-01 1.873501383014733734e-01
4.765205979347229004e-01 2.582718831852187091e-01
4.030046463012695312e-01 2.007411346665413376e-01
2.541593909263610840e-01 9.406157944341954347e-02
3.962196111679077148e-01 1.955220482437491081e-01
2.421942949295043945e-01 8.651644649756716487e-02
4.766538143157958984e-01 2.583771478214199058e-01
1.928047537803649902e-01 5.776925676345553984e-02
2.279984056949615479e-01 7.784010311914227320e-02
4.629744887351989746e-01 2.475784381671826406e-01
3.337515890598297119e-01 1.487205134572005538e-01
3.271413445472717285e-01 1.439332430519446038e-01
4.437289237976074219e-01 2.324387002410482905e-01
2.235443890094757080e-01 7.518392118515274114e-02
3.646219074726104736e-01 1.715316498028308934e-01
4.916042685508728027e-01 2.702010398242572498e-01
3.268428444862365723e-01 1.437177618305779392e-01
2.162462919950485229e-01 7.090065496471616158e-02
3.581287860870361328e-01 1.666765547914360879e-01
4.693241715431213379e-01 2.525878937251178069e-01
3.159458637237548828e-01 1.359140707668173020e-01
1.370056420564651489e-01 3.089662661198001176e-02
1.480615437030792236e-01 3.568029880411134613e-02
3.145678937435150146e-01 1.349351630854409012e-01
2.518779635429382324e-01 9.260729670400549840e-02
6.165003180503845215e-01 3.682758957891730800e-01
2.180170714855194092e-01 7.193183627666052682e-02
2.570374608039855957e-01 9.590677424959438702e-02
2.821647822856903076e-01 1.124779992351844643e-01
3.893537819385528564e-01 1.902628259502292529e-01
5.154524445533752441e-01 2.890772699126195611e-01
3.877640366554260254e-01 1.890485024826731864e-01
1.828127354383468628e-01 5.248062798683447022e-02
3.244069516658782959e-01 1.419641785665661238e-01
3.121688067913055420e-01 1.332350251394887330e-01
1.461770832538604736e-01 3.484476760711779919e-02
4.615058302879333496e-01 2.464205945789363361e-01
2.429459840059280396e-01 8.698400480768760101e-02
2.816323339939117432e-01 1.121185433239810930e-01
3.302611410617828369e-01 1.461879370343163453e-01
3.053926229476928711e-01 1.284638100685145945e-01
1.820550560951232910e-01 5.208747912105473471e-02
3.053283095359802246e-01 1.284187745096312394e-01
3.448132276535034180e-01 1.568122317560528278e-01
1.440340578556060791e-01 3.390497589966569303e-02
2.258256226778030396e-01 7.654038615358545183e-02
3.255560696125030518e-01 1.427909455249365689e-01
4.631786942481994629e-01 2.477394357455910134e-01
6.946151852607727051e-01 4.273488546942733057e-01
4.037886261940002441e-01 2.013456499686930856e-01
2.733420431613922119e-01 1.065682080789613490e-01
2.289228141307830811e-01 7.839622086052630556e-02
3.009926676750183105e-01 1.253908214255614051e-01
5.058850646018981934e-01 2.815047432648326575e-01
3.067981302738189697e-01 1.294497557313913638e-01
3.582684397697448730e-01 1.667806782199868221e-01
1.661693900823593140e-01 4.411441833648128974e-02
4.185637533664703369e-01 2.127836188200012413e-01
5.063095688819885254e-01 2.818407759292929082e-01
3.612196743488311768e-01 1.689840961508401185e-01
5.120676755905151367e-01 2.863985334309949171e-01
2.079023867845535278e-01 6.611469231645292211e-02
4.639012217521667480e-01 2.483091730051411594e-01
2.547451853752136230e-01 9.443593533441375920e-02
9.185443073511123657e-02 1.453071847960023255e-02
4.367501139640808105e-01 2.269692967515423154e-01
6.414362192153930664e-01 3.874008119294748975e-01
1.656312644481658936e-01 4.385309621875233682e-02
5.419541001319885254e-01 3.100234720246448639e-01
3.924105167388916016e-01 1.926014961116517821e-01
2.207971215248107910e-01 7.356107919866913814e-02
1.975223869085311890e-01 6.033144556960862853e-02
3.065976500511169434e-01 1.293089814040539465e-01
5.842952728271484375e-01 3.432756815943592832e-01
3.348776996135711670e-01 1.495396809708251784e-01
3.899399936199188232e-01 1.907110299406710174e-01
3.425401151180267334e-01 1.551414240439868419e-01
2.866921722888946533e-01 1.155462097003798899e-01
4.714227616786956787e-01 2.542448036088499896e-01
1.658022552728652954e-01 4.393613200367576382e-02
3.498138785362243652e-01 1.605013807498455736e-01
4.077434837818145752e-01 2.043985944425788237e-01
2.609466910362243652e-01 9.843115870658598887e-02
4.344734549522399902e-01 2.251879429679711220e-01
3.194689154624938965e-01 1.384250563451339955e-01
1.065180078148841858e-01 1.925719349073759523e-02
2.486574649810791016e-01 9.056631723506149145e-02
1.823464781045913696e-01 5.223809699608294305e-02
1.683552861213684082e-01 4.518056193396136760e-02
1.356942057609558105e-01 3.034895343017866148e-02
4.466345906257629395e-01 2.347193988527787878e-01
2.873066365718841553e-01 1.159646540060050857e-01
1.476395577192306519e-01 3.549307838252844377e-02
3.040797710418701172e-01 1.275444836366662338e-01
1.557937264442443848e-01 3.919258684117086361e-02
4.216910600662231445e-01 2.152151676695951976e-01
1.207943186163902283e-01 2.441467370174680435e-02
3.455309569835662842e-01 1.573404157447136353e-01
6.335835158824920654e-02 7.109277375527600987e-03
1.017123311758041382e-01 1.764384534229722357e-02
3.658984303474426270e-01 1.724896405764929641e-01
6.607901453971862793e-01 4.020808881741814722e-01
5.407801866531372070e-01 3.090971347059291441e-01
6.119846180081367493e-02 6.646431791519327899e-03
4.901553392410278320e-01 2.690544697715462341e-01
1.916985958814620972e-01 5.717384844420417278e-02
1.560627073049545288e-01 3.931765030735342309e-02
4.842197000980377197e-01 2.643587519066387670e-01
4.138947725296020508e-01 2.091598269217010142e-01
7.464913725852966309e-01 4.650156432858173483e-01
9.051155447959899902e-01 5.705181423688069353e-01
3.052722811698913574e-01 1.283795405658403888e-01
4.183680117130279541e-01 2.126315011581172698e-01
1.365843266248703003e-01 3.072004534258626629e-02
1.898152828216552734e-01 5.616634402285458627e-02
2.625598907470703125e-01 9.947867929602541293e-02
1.601548939943313599e-01 4.123328423094152484e-02
1.108519732952117920e-01 2.076695386233532586e-02
9.973739087581634521e-02 1.699865269665529199e-02
9.817021340131759644e-02 1.649414884795144531e-02
1.095478609204292297e-01 2.030765447945799898e-02
2.098975330591201782e-01 6.724820106959721044e-02
3.893409073352813721e-01 1.902529917125976300e-01
2.000359147787094116e-01 6.171433536304656714e-02
2.615759372711181641e-01 9.883940099888642583e-02
1.533845514059066772e-01 3.808452990618309275e-02
1.978174448013305664e-01 6.049332085584947782e-02
1.247007623314857483e-01 2.591713315616719568e-02
3.865652382373809814e-01 1.881338283642911280e-01
3.686889111995697021e-01 1.745868067330299533e-01
4.542647004127502441e-01 2.407175762542733688e-01
2.982493937015533447e-01 1.234846729868732812e-01
5.828877687454223633e-01 3.421764857961381856e-01
3.417454659938812256e-01 1.545581810915111209e-01
1.512024849653244019e-01 3.709161809678176991e-02
7.274606078863143921e-02 9.286577670331627732e-03
3.156024515628814697e-01 1.356697352223886210e-01
5.619420409202575684e-01 3.257639930348018575e-01
2.468489110469818115e-01 8.942674183052944092e-02
3.728092908859252930e-01 1.776928118900266418e-01
1.848501563072204590e-01 5.354335421636321340e-02
3.753477931022644043e-01 1.796114949134728078e-01
3.489239513874053955e-01 1.598436184063898313e-01
1.245365366339683533e-01 2.585326291561272638e-02
1.588024646043777466e-01 4.059638421071207204e-02
1.150467172265052795e-01 2.227475305892714572e-02
4.589537531137466431e-02 3.793612956974637147e-03
3.764619827270507812e-01 1.804546661580870570e-01
2.402345538139343262e-01 8.530048307340239166e-02
2.312565147876739502e-01 7.980424372150538015e-02
4.014813899993896484e-01 1.995676800039438148e-01
1.781551390886306763e-01 5.008244508254913741e-02
3.127851188182830811e-01 1.336712769883768026e-01
2.866290211677551270e-01 1.155032956639873709e-01
1.103949695825576782e-01 2.060485166020030109e-02
2.743768692016601562e-01 1.072566874833975475e-01
4.221366643905639648e-01 2.155619848008851203e-01
1.917667537927627563e-01 5.721033475569432120e-02
2.549730837345123291e-01 9.458202701582833771e-02
3.946331143379211426e-01 1.943047420137340997e-01
1.440528631210327148e-01 3.391315389249549561e-02
2.797903120517730713e-01 1.108781816739436987e-01
5.070572495460510254e-01 2.824326312709090070e-01
3.758259117603302002e-01 1.799731899618857711e-01
5.552137494087219238e-01 3.204728225144647391e-01
1.233660876750946045e-01 2.539869546690352170e-02
1.227584406733512878e-01 2.516527768182700089e-02
2.788359522819519043e-01 1.102371126373197230e-01
4.059201180934906006e-01 2.029902123649192647e-01
6.249858438968658447e-02 6.922690744839083213e-03
1.602758169174194336e-01 4.129052611024301017e-02
6.405913084745407104e-02 7.262332329418226887e-03
3.883541822433471680e-01 1.894992839030009701e-01
9.242804348468780518e-02 1.470444427542527688e-02
5.157200098037719727e-01 2.892890011359353641e-01
3.208327591419219971e-01 1.394002721636109221e-01
5.883303880691528320e-01 3.464242272490852814e-01
5.520851016044616699e-01 3.180097096075918395e-01
3.268380761146545410e-01 1.437143196385433364e-01
1.215792223811149597e-01 2.471240012088056839e-02
1.494401991367340088e-01 3.629734687395289733e-02
1.244880706071853638e-01 2.583441363175432992e-02
1.840936094522476196e-01 5.314744724133940029e-02
3.679215013980865479e-01 1.740097212967797180e-01
2.655968070030212402e-01 1.014603812452322257e-01
2.497330158948898315e-01 9.124653616631107911e-02
3.297626376152038574e-01 1.458272550253566502e-01
2.646100223064422607e-01 1.008152165844599935e-01
3.558880984783172607e-01 1.650076640723862342e-01
4.017825722694396973e-01 1.997996646362684425e-01
2.389187663793563843e-01 8.448714972767466802e-02
2.049470543861389160e-01 6.444817860875683146e-02
3.874905705451965332e-01 1.888397244342850112e-01
5.539225339889526367e-01 3.194564620696312973e-01
5.482888221740722656e-01 3.150188892714071431e-01
1.488616168498992920e-01 3.603813704549370389e-02
4.605943560600280762e-01 2.457022648533231102e-01
2.195478677749633789e-01 7.282757841668693888e-02
1.365007311105728149e-01 3.068519432344159886e-02
1.894835233688354492e-01 5.598995202717806097e-02
1.043041422963142395e-01 1.850593903947223701e-02
2.419804781675338745e-01 8.638345028006458315e-02
2.183001339435577393e-01 7.209685391773076879e-02
3.751525878906250000e-01 1.794638228716411987e-01
2.951842844486236572e-01 1.213652945454621879e-01
5.165044069290161133e-01 2.899097146353420418e-01
2.845115065574645996e-01 1.140654283268880964e-01
1.482818871736526489e-01 3.577841317673391419e-02
4.241250455379486084e-01 2.171101485198843606e-01
2.518735527992248535e-01 9.260449261352286798e-02
4.078303277492523193e-01 2.044656993658298672e-01
2.097950726747512817e-01 6.718980238145838557e-02
2.014623731374740601e-01 6.250341703889808476e-02
4.071534574031829834e-01 2.039426770539295997e-01
1.692467033863067627e-01 4.561761146309706305e-02
4.251201748847961426e-01 2.178854623740638929e-01
3.170084953308105469e-01 1.366701263228487229e-01
1.365515142679214478e-01 3.070636585164926782e-02
5.498007535934448242e-01 3.162103058239424391e-01
3.638277053833007812e-01 1.709364684298855241e-01
3.262470066547393799e-01 1.432885634168954703e-01
3.813859224319458008e-01 1.841901382480676530e-01
2.392012178897857666e-01 8.466123055582037982e-02
2.137112319469451904e-01 6.943411660180447142e-02
6.480680406093597412e-02 7.426845973774532858e-03
1.953652948141098022e-01 5.915478194094968972e-02
3.917144834995269775e-01 1.920684936301012002e-01
6.413431763648986816e-01 3.873298726312858764e-01
1.809761226177215576e-01 5.152984564663163486e-02
1.313756853342056274e-01 2.857218904104028359e-02
7.944373041391372681e-02 1.100266184049242431e-02
1.137966215610504150e-01 2.181990824120466285e-02
4.526118934154510498e-01 2.394172681355247745e-01
4.587645828723907471e-01 2.442605668501836302e-01
3.180957436561584473e-01 1.374451207538215369e-01
6.077703833580017090e-01 3.615298307288661306e-01
1.418219655752182007e-01 3.294599909755886735e-02
9.740576148033142090e-03 1.774835573088609335e-04
2.153345048427581787e-01 7.037203262829563877e-02
2.033769935369491577e-01 6.356911518041202802e-02
2.940264642238616943e-01 1.205671401722571839e-01
9.643284231424331665e-02 1.594276185207767552e-02
1.726797670125961304e-01 4.731885443885992110e-02
4.160405695438385010e-01 2.108241651676766304e-01
6.954311728477478027e-01 4.279520682544068477e-01
1.915384083986282349e-01 5.708809683761931902e-02
2.582228779792785645e-01 9.666976377844539725e-02
1.562081128358840942e-01 3.938527133091579424e-02
3.373267054557800293e-01 1.513249929149551032e-01
1.018169894814491272e-01 1.767830148224416864e-02
4.086333811283111572e-01 2.050863286315049161e-01
3.880357444286346436e-01 1.892560458726907924e-01
5.018470287322998047e-01 2.783082309235050955e-01
2.555749118328094482e-01 9.496782215306985575e-02
4.302296042442321777e-01 2.218712891474279303e-01
1.971908062696456909e-01 6.015039078802141004e-02
4.440170526504516602e-01 2.326647589244421888e-01
8.977054357528686523e-01 5.659419342839803191e-01
5.572981834411621094e-01 3.221128940385771244e-01
3.969298601150512695e-01 1.960672484698676166e-01
1.651779860258102417e-01 4.363347108506762662e-02
2.899267375469207764e-01 1.177532852469943686e-01
4.239835143089294434e-01 2.169998803190668346e-01
2.722039222717285156e-01 1.058130269867041812e-01
3.829546272754669189e-01 1.853830943540552278e-01
7.752627134323120117e-02 1.049767719533167137e-02
1.643592417240142822e-01 4.323919018529102931e-02
3.368182480335235596e-01 1.509538700086745511e-01
4.709522426128387451e-01 2.538732713969042987e-01
4.343264698982238770e-01 2.250729929718509048e-01
1.095607727766036987e-01 2.031216950134190347e-02
1.110209822654724121e-01 2.082690244809343519e-02
4.707184135913848877e-01 2.536886611493647803e-01
1.484883576631546021e-01 3.587091372744810602e-02
3.413920700550079346e-01 1.542991598079269944e-01
4.678361415863037109e-01 2.514134493520913116e-01
2.355298548936843872e-01 8.240438477106160065e-02
2.605351507663726807e-01 9.816415966261625436e-02
2.148075401782989502e-01 7.006651692604237702e-02
5.463868379592895508e-01 3.135196230970065390e-01
3.291749060153961182e-01 1.454020138046539234e-01
3.894427120685577393e-01 1.903307550360922029e-01
2.939842939376831055e-01 1.205381215918868432e-01
2.737151980400085449e-01 1.068160812916973124e-01
2.154784649610519409e-01 7.045549567544723280e-02
1.091442927718162537e-01 2.016653464370295884e-02
3.573097884654998779e-01 1.660659239890453498e-01
5.604583024978637695e-01 3.245979392271564623e-01
2.402985692024230957e-01 8.534012011217013971e-02
2.418793886899948120e-01 8.632057158889881732e-02
4.788234531879425049e-01 2.600919247425614311e-01
1.963529884815216064e-01 5.969291257955738200e-02
3.058852255344390869e-01 1.288087557370885816e-01
3.149908185005187988e-01 1.352353043186332870e-01
2.404349595308303833e-01 8.542457025552238625e-02
4.599040448665618896e-01 2.451582329597062349e-01
2.390270978212356567e-01 8.455391668207294653e-02
5.064110159873962402e-01 2.819210802812883720e-01
2.730519175529479980e-01 1.063757000810267722e-01
5.438948869705200195e-01 3.115545300856577549e-01
4.591053724288940430e-01 2.445290300318484211e-01
2.023800015449523926e-01 6.301405266946065453e-02
2.936677932739257812e-01 1.203203284303794862e-01
1.705299168825149536e-01 4.625102304550352678e-02
1.526518315076828003e-01 3.774997289938458039e-02
5.270851850509643555e-01 2.982789240528393448e-01
2.204560935497283936e-01 7.336011188083581269e-02
7.805407792329788208e-02 1.063515618851425086e-02
2.092108428478240967e-01 6.685681265402113049e-02
4.881413877010345459e-01 2.674609857452963646e-01
2.298561781644821167e-01 7.895773110722605070e-02
3.848551511764526367e-01 1.868301305264855050e-01
1.555773168802261353e-01 3.909285662894371183e-02
2.488104999065399170e-01 9.066278012026195154e-02
3.212584555149078369e-01 1.397049422953828279e-01
2.710851728916168213e-01 1.050721703120296863e-01
1.458026468753814697e-01 3.468028214933144976e-02
3.499868810176849365e-01 1.606294346639619841e-01
4.585940837860107422e-01 2.441262530887227944e-01
3.196077346801757812e-01 1.385243189652084206e-01
1.707340031862258911e-01 4.635176281247372493e-02
3.732976913452148438e-01 1.780617330969952450e-01
2.016742527484893799e-01 6.262132236734305191e-02
3.219749927520751953e-01 1.402185505867784010e-01
3.771485686302185059e-01 1.809748280197389092e-01
2.484972029924392700e-01 9.046529889715194950e-02
4.974404573440551758e-01 2.748201019146916391e-01
1.404959559440612793e-01 3.237570532345680763e-02
2.469519227743148804e-01 8.949139059536381779e-02
2.784635126590728760e-01 1.099873725991527967e-01
6.856625080108642578e-01 4.207120812471087379e-01
1.470855325460433960e-01 3.524727679086021859e-02
3.423322439193725586e-01 1.549887550054876717e-01
2.469453364610671997e-01 8.948725711437773012e-02
2.600763440132141113e-01 9.786706609458266370e-02
1.730668991804122925e-01 4.751213156348572247e-02
5.080730468034744263e-02 4.627474911572029143e-03
2.111303359270095825e-01 6.795161325544107900e-02
1.222849413752555847e-01 2.498339057125178314e-02
2.199347764253616333e-01 7.305436506221328619e-02
3.254083395004272461e-01 1.426845492218637712e-01
2.740395367145538330e-01 1.070320581038887164e-01
4.758691489696502686e-01 2.577571226297998286e-01
2.068160772323608398e-01 6.550010303092053399e-02
2.884543240070343018e-01 1.167470659675055172e-01
3.424519598484039307e-01 1.550766792388426629e-01
2.866186201572418213e-01 1.154962277080170963e-01
1.067581325769424438e-01 1.933994507697382043e-02
2.845136821269989014e-01 1.140669019173524978e-01
6.780142337083816528e-02 8.106119596330169444e-03
2.555779218673706055e-01 9.496975170188937110e-02
3.094605803489685059e-01 1.313224612786521861e-01
1.321439743041992188e-01 2.888542751195600361e-02
1.865405142307281494e-01 5.443090968053159590e-02
4.283058345317840576e-01 2.203696112800297424e-01
3.705123960971832275e-01 1.759599869067184907e-01
3.406783342361450195e-01 1.537760276844190865e-01
2.234473675489425659e-01 7.512644397897325077e-02
1.621259003877639771e-01 4.216888339781530576e-02
2.544183731079101562e-01 9.422691461188512085e-02
6.059370040893554688e-01 3.601100074722586863e-01
2.782818078994750977e-01 1.098655301559501307e-01
4.834935665130615234e-01 2.637844781783680870e-01
1.760936826467514038e-01 4.903503929955115026e-02
4.116114974021911621e-01 2.073907986217224109e-01
1.716607660055160522e-01 4.681183598016827596e-02
5.816401243209838867e-01 3.412017127758097956e-01
2.593704760074615479e-01 9.741091530018217148e-02
4.652702808380126953e-01 2.493889598221150639e-01
3.630395829677581787e-01 1.703458432128965305e-01
3.685698807239532471e-01 1.744972073511199817e-01
3.534876406192779541e-01 1.632235113699430362e-01
4.782573506236076355e-02 4.111848197656465392e-03
1.063662916421890259e-01 1.920508098062105248e-02
3.617117404937744141e-01 1.693522374396388697e-01
4.271366298198699951e-01 2.194574571852879463e-01
3.971500992774963379e-01 1.962363529575805177e-01
8.010193705558776855e-02 1.117841927893112666e-02
3.006463944911956787e-01 1.251497080898410219e-01
2.480834573507308960e-01 9.020450157772877398e-02
1.687617897987365723e-01 4.537959859803095131e-02
1.312660127878189087e-01 2.852747453637689140e-02
2.526557147502899170e-01 9.310174501025510196e-02
3.382307887077331543e-01 1.519849302756619558e-01
2.459733635187149048e-01 8.887726006062146578e-02
3.311518728733062744e-01 1.468333055963405298e-01
6.705088168382644653e-02 7.933391879685162962e-03
3.855273723602294922e-01 1.873422597398037015e-01
1.856551915407180786e-01 5.396545425001693375e-02
3.355651795864105225e-01 1.500404009579591469e-01
5.118318200111389160e-01 2.862118610230017235e-01
3.454296588897705078e-01 1.572658694931063639e-01
5.600398778915405273e-01 3.242689592133119469e-01
3.336309194564819336e-01 1.486328156032754033e-01
1.494899690151214600e-01 3.631964420647204594e-02
3.496032059192657471e-01 1.603454439507260021e-01
2.581672668457031250e-01 9.663396987104305724e-02
3.823313415050506592e-01 1.849088885150126371e-01
3.295139670372009277e-01 1.456473344967047778e-01
2.734940946102142334e-01 1.066690992762353296e-01
6.225770711898803711e-01 3.729569219731880270e-01
3.336357176303863525e-01 1.486363027246589419e-01
1.165289878845214844e-01 2.281836529674850789e-02
9.482298046350479126e-02 1.543898750233240608e-02
2.157908827066421509e-01 7.063662456961762592e-02
2.217218279838562012e-01 7.410600744630810310e-02
4.977446794509887695e-01 2.750609012754320348e-01
6.889228224754333496e-01 4.231333275936510763e-01
2.547950446605682373e-01 9.446789706882027793e-02
4.883131682872772217e-01 2.675968867680693086e-01
1.202663704752922058e-01 2.421441461700083245e-02
1.472094655036926270e-01 3.530226150946980807e-02
5.855328440666198730e-01 3.442418333040832001e-01
3.209987878799438477e-01 1.395189909391443273e-01
1.911309212446212769e-01 5.686996070425472116e-02
1.630303859710693359e-01 4.260076410917767314e-02
6.624293923377990723e-01 4.033171202838597980e-01
5.783380866050720215e-01 3.386199011521889290e-01
5.370768308639526367e-01 3.061737255118410772e-01
3.140059113502502441e-01 1.345363354316949367e-01
5.338368415832519531e-01 3.036148231532884156e-01
3.039278090000152588e-01 1.274382133946847517e-01
1.425421833992004395e-01 3.325619278862439188e-02
4.653433561325073242e-01 2.494465948361605234e-01
4.727653861045837402e-01 2.553051373363096066e-01
3.648934364318847656e-01 1.717352509749731637e-01
3.314979970455169678e-01 1.470842997157335852e-01
2.944121658802032471e-01 1.208325525165347969e-01
6.299880743026733398e-01 3.786483576201188361e-01
1.410124599933624268e-01 3.259756037576807403e-02
1.394429951906204224e-01 3.192718976971174044e-02
3.134761154651641846e-01 1.341603937856842843e-01
2.717154026031494141e-01 1.054888779263915416e-01
1.502718329429626465e-01 3.667066660742648865e-02
6.430640071630477905e-02 7.316337749639178871e-03
2.554202973842620850e-01 9.486870829885528378e-02
4.242579638957977295e-01 2.172137063585127537e-01
4.979210793972015381e-01 2.752005309864186122e-01
4.343077838420867920e-01 2.250583794991081188e-01
6.085018515586853027e-01 3.620959651419470293e-01
2.853706479072570801e-01 1.146481742516995278e-01
2.257719039916992188e-01 7.650839630349309806e-02
6.445524841547012329e-02 7.348847098957432024e-03
5.862284898757934570e-01 3.447846655686911954e-01
2.839349210262298584e-01 1.136748864814807886e-01
2.195041328668594360e-01 7.280194318446588098e-02
2.978799343109130859e-01 1.232289077233592323e-01
2.246297150850296021e-01 7.582821488894977979e-02
2.455016225576400757e-02 1.107872554768075859e-03
5.912925004959106445e-01 3.487328221747674206e-01
2.710993587970733643e-01 1.050815491972543619e-01
2.961009740829467773e-01 1.219980040888507117e-01
2.402111738920211792e-01 8.528600669681332680e-02
3.271013498306274414e-01 1.439043716662543049e-01
2.805176377296447754e-01 1.113675546963730500e-01
3.273173570632934570e-01 1.440603029654221878e-01
6.087021231651306152e-01 3.622509319969280384e-01
3.953966498374938965e-01 1.948903279078965933e-01
4.661962687969207764e-01 2.501194899242041303e-01
1.138028204441070557e-01 2.182213796620936438e-02
2.797939479351043701e-01 1.108806280377517828e-01
2.626862525939941406e-01 9.956097950975398292e-02
2.815741896629333496e-01 1.120792900785563956e-01
9.179419279098510742e-02 1.451247466477934359e-02
4.825690984725952148e-01 2.630533532897994520e-01
5.344006419181823730e-01 3.040601629513310367e-01
1.535145342350006104e-01 3.814387955171923833e-02
5.538443326950073242e-01 3.193948990044912506e-01
5.401982665061950684e-01 3.086378850089995796e-01
6.526389718055725098e-01 3.959166815713488496e-01
5.995395183563232422e-01 3.551474541203502588e-01
5.396509915590286255e-02 5.204907547585982570e-03
3.872025310993194580e-01 1.886199915760128909e-01
3.927815556526184082e-01 1.928856271711809622e-01
4.158247411251068115e-01 2.106567404278516242e-01
6.225367784500122070e-01 3.729259211538381580e-01
2.290439307689666748e-01 7.846908442814888585e-02
5.904818177223205566e-01 3.481012356946807107e-01
1.331153959035873413e-01 2.928201730525482535e-02
3.447554707527160645e-01 1.567697278915000381e-01
1.905337870121002197e-01 5.655030264558728870e-02
2.453559637069702148e-01 8.848978830112733118e-02
1.439695805311203003e-01 3.387693614136573494e-02
2.511947154998779297e-01 9.217292793100176351e-02
4.679848551750183105e-01 2.515308226141776959e-01
3.307657241821289062e-01 1.465532874454041068e-01
5.044717788696289062e-01 2.803859898843956144e-01
2.220433354377746582e-01 7.429547134780123407e-02
2.516070306301116943e-01 9.243505355145481550e-02
1.947233229875564575e-01 5.880651564025280581e-02
1.450667232275009155e-01 3.435699962371483590e-02
6.040965914726257324e-01 3.586836959182671536e-01
2.759851515293121338e-01 1.083287761289765394e-01
2.055832743644714355e-01 6.480569106181460759e-02
3.690683245658874512e-01 1.748725219619047255e-01
4.386568069458007812e-01 2.284623190417855720e-01
3.864291608333587646e-01 1.880300207873774609e-01
1.007196977734565735e-01 1.731704552247867110e-02
2.143905758857727051e-01 6.982577727900379783e-02
1.408714056015014648e-01 3.253684577032910780e-02
1.660998016595840454e-01 4.408062512379349457e-02
3.685148060321807861e-01 1.744557992692841175e-01
1.295582652091979980e-01 2.783837412900080216e-02
1.980552226305007935e-01 6.062399056481779236e-02
3.240927159786224365e-01 1.417383966464716982e-01
4.506221711635589600e-01 2.378525908765491970e-01
2.030610591173171997e-01 6.339304296670918160e-02
4.403055906295776367e-01 2.297542089210345417e-01
4.590057134628295898e-01 2.444505218657367362e-01
3.366268575191497803e-01 1.508141741348023313e-01
1.631752550601959229e-01 4.266993731262196110e-02
7.689595967531204224e-02 1.033453436503779452e-02
2.265616357326507568e-01 7.698009975620601075e-02
5.141453072428703308e-02 4.735170786574872427e-03
1.903300732374191284e-01 5.644125053269226366e-02
4.254527091979980469e-01 2.181445427246055113e-01
2.504431605339050293e-01 9.169609367101153041e-02
2.504903972148895264e-01 9.172599688124088990e-02
8.408176898956298828e-01 5.296299710421115137e-01
2.894619405269622803e-01 1.174354163090174097e-01
7.925155758857727051e-02 1.095184007034148178e-02
7.424668967723846436e-02 9.658761026044623138e-03
1.723694503307342529e-01 4.716445195578999883e-02
1.840694993734359741e-01 5.313489560503109610e-02
4.826511144638061523e-01 2.631182122333340367e-01
1.383680999279022217e-01 3.147082830427454930e-02
2.206299602985382080e-01 7.346257131736814994e-02
4.617955088615417480e-01 2.466489191651635160e-01
4.247877299785614014e-01 2.176264516812612682e-01
2.337694913148880005e-01 8.132965086822012413e-02
2.056442052125930786e-01 6.484001212913649559e-02
1.832159161567687988e-01 5.269052268621253476e-02
3.992051184177398682e-01 1.978158423752176820e-01
4.639905989170074463e-01 2.483796654224014744e-01
3.077355325222015381e-01 1.301079861003628380e-01
3.437603712081909180e-01 1.560376296040367483e-01
2.172046303749084473e-01 7.145820541614085475e-02
2.287954092025756836e-01 7.831957426810835787e-02
1.698577105998992920e-01 4.591921290912846787e-02
1.739931255578994751e-01 4.797661814934257168e-02
3.813295364379882812e-01 1.841472980809885085e-01
3.718887865543365479e-01 1.769980821817407624e-01
3.456620275974273682e-01 1.574368718831569425e-01
2.143958657979965210e-01 6.982882706054374666e-02
1.936929672956466675e-01 5.824793544645600479e-02
1.556260436773300171e-01 3.911531189259328384e-02
2.311054170131683350e-01 7.971288993681464874e-02
5.869383215904235840e-01 3.453385674999067678e-01
2.417037636041641235e-01 8.621133098540829931e-02
4.159734845161437988e-01 2.107721252492361363e-01
2.029164433479309082e-01 6.331256816450379910e-02
5.780414342880249023e-01 3.383878554015515849e-01
1.856376975774765015e-01 5.395628172915604287e-02
6.288095712661743164e-01 3.777447364338333835e-01
5.083277821540832520e-01 2.834383425715428229e-01
1.109901517629623413e-01 2.081596666746095975e-02
3.443371057510375977e-01 1.564618490212255630e-01
2.506891489028930664e-01 9.185181676074852253e-02
3.177815079689025879e-01 1.372209816573621566e-01
2.629830837249755859e-01 9.975430737030507866e-02
1.937520653009414673e-01 5.827978472014500033e-02
2.434209436178207397e-01 8.728005367471891596e-02
2.319314032793045044e-01 8.021267230980874685e-02
1.963190883398056030e-01 5.967440190060218502e-02
8.727173507213592529e-02 1.317560337007951665e-02
7.888991236686706543e-01 4.947182287548538282e-01
1.473208069801330566e-01 3.535165982826875969e-02
3.308799266815185547e-01 1.466361021057721314e-01
3.596894145011901855e-01 1.678408968981258964e-01
2.074712067842483521e-01 6.587037003691748049e-02
1.526482850313186646e-01 3.774835359230701431e-02
1.884906142950057983e-01 5.546203575661060731e-02
2.919433452188968658e-02 1.560644299102312716e-03
4.503520727157592773e-01 2.376402127897411232e-01
9.855004400014877319e-02 1.661523363049560026e-02
2.110158354043960571e-01 6.788597460658216121e-02
3.951380550861358643e-01 1.946918824059458986e-01
4.069232940673828125e-01 2.037648282817032253e-01
3.172120451927185059e-01 1.368149507408343013e-01
2.741806209087371826e-01 1.071260059334315090e-01
9.009906649589538574e-02 1.400500638941563035e-02
2.111336290836334229e-01 6.795350109268702421e-02
6.379941105842590332e-01 3.847744465152156956e-01
2.035946995019912720e-01 6.369100685875035694e-02
1.899605542421340942e-01 5.624358286429594761e-02
3.500876128673553467e-01 1.607039949102520016e-01
2.663117647171020508e-01 1.019285948191283597e-01
4.656228721141815186e-01 2.496670858261024473e-01
3.641891479492187500e-01 1.712073363683102867e-01
3.625354766845703125e-01 1.699685190229710541e-01
2.495620250701904297e-01 9.113829031855653906e-02
2.236289829015731812e-01 7.523403608293817435e-02
