     1.007      0.000      0.000      0.000      0.000      0.000      0.000      0.000      0.000      0.000      0.000      0.000      0.000      0.000
     1.112      1.110      0.000      0.000      0.000      0.000      0.000      0.000      0.000      0.000      0.000      0.000      0.000      0.000
     1.050      1.099      1.037      0.000      0.000      0.000      0.000      0.000      0.000      0.000      0.000      0.000      0.000      0.000
     0.891      0.900      1.215      1.197      0.000      0.000      0.000      0.000      0.000      0.000      0.000      0.000      0.000      0.000
     1.030      1.133      1.230      1.150      1.153      0.000      0.000      0.000      0.000      0.000      0.000      0.000      0.000      0.000
     1.351      0.807      1.249      1.071      1.145      1.075      0.000      0.000      0.000      0.000      0.000      0.000      0.000      0.000
     1.196      0.892      1.518      1.156      0.994      1.080      1.046      0.000      0.000      0.000      0.000      0.000      0.000      0.000
     0.402      0.961      0.861      0.957      1.046      0.981      0.942      0.917      0.000      0.000      0.000      0.000      0.000      0.000
     2.163      1.891      0.904      1.086      1.110      0.984      0.853      0.889      0.825      0.000      0.000      0.000      0.000      0.000
     9.604      1.275      0.984      2.188      0.865      0.989      0.899      0.926      0.843      0.818      0.000      0.000      0.000      0.000
     0.000      0.479      2.082      0.362      0.928      1.065      1.079      0.934      0.793      0.834      0.806      0.000      0.000      0.000
     0.000      0.000      0.000      6.041      1.350      0.826      0.955      0.608      0.870      0.772      0.807      0.858      0.000      0.000
     0.000      0.000      0.000      0.000      1.907      1.795      1.047      0.850      0.690      0.823      0.855      0.894      0.993      0.000
     0.000      0.000      0.000      0.000      0.000      1.739      1.004      0.941      0.678      0.779      0.855      1.005      1.001      1.110
