# ['D0', 'B', 'C', 'mu', 'sigma', 'a_01', 'a_11', 'a_21', 'c_01', 'c_11', 'd_11', 'L'] , maxL
69.09879449640013 0.003164196061777285 0.34784106462131686 234.26234439894682 0.7894700809439235 -0.3957418511816163 -0.0025551139514232747 1.3101060338220151e-06 -0.12695154283933613 0.0006703118082639973 0.08485963129993662 -0.05823769780732399 -2446165.174180905
70.77305442527341 0.003140863390566081 0.32268067124820254 240.56607562992497 0.7932928315599073 -0.3888690835717378 -0.0024766054712754395 1.250472773651309e-06 -0.11445973726685699 0.0006973804253551893 0.08079463440796747 -0.05619836860713766 -2446002.1520520453
71.07153794158391 0.0031339911200009025 0.31732043734059145 242.06526064444148 0.7979286445650486 -0.390014180426916 -0.0024502615415008585 1.2314749867837652e-06 -0.1298417721595977 0.0006625326332448621 0.0850681747559758 -0.055953026311972964 -2445993.3499080623
71.33274833903481 0.0030807687918264883 0.31019142827230173 240.44092107561937 0.7970687240196404 -0.3892122995493016 -0.0024568363477572124 1.236459022945663e-06 -0.1244489190235829 0.0006744611160955322 0.0835737914517718 -0.054611835625575436 -2445991.7367947614
71.34433147492501 0.003083552923304301 0.31040126310003757 240.71649037265001 0.7979278977472191 -0.3887718201950263 -0.002458393048717756 1.2350973843931953e-06 -0.124652343776085 0.0006741395509340009 0.08362878891478714 -0.054708798138653786 -2445991.1449391516
71.36663153042343 0.0030836594733069655 0.3103059367297284 240.8413950297002 0.7975672487866573 -0.38916473314100625 -0.0024557643178297105 1.2349472988585548e-06 -0.12490123582484328 0.000672982442433447 0.08371183602871005 -0.05476778588059454 -2445990.598991175
71.36842217757682 0.0030837806535723893 0.31042292290065365 240.88039285692207 0.7975035126296448 -0.3895202477725921 -0.0024532297669448604 1.2339646821790665e-06 -0.1254421391254431 0.0006725029973119834 0.08383613238390758 -0.05484004402140992 -2445990.1052525407
71.37724247790709 0.0030847950972064746 0.3105706237504408 241.00733987918503 0.7973314630770669 -0.38931379492152246 -0.0024530179408543858 1.2333819467271327e-06 -0.12539786499828304 0.0006720533577954006 0.08384883756915529 -0.054915373884703564 -2445989.62452554
71.43314206171323 0.0030832077969321333 0.3106516513091765 240.84890629259735 0.7975736737445216 -0.3893026042661374 -0.002454266782499666 1.2339853733107183e-06 -0.1227667274636857 0.0006778037375220875 0.08310939818011825 -0.054710581760567714 -2445989.1219711425
71.43355028462642 0.003084341643935156 0.31095022765620184 240.90824277646323 0.7974375178765314 -0.38890941544852375 -0.0024564806003089935 1.234975956172165e-06 -0.12307000276811639 0.0006772367838885334 0.08319798953526203 -0.05478685788026591 -2445988.6589783756
71.44379354522054 0.003083875567619027 0.31098230704638263 240.92727180806037 0.7973724414299956 -0.3887775398573857 -0.002457630525789137 1.2351973272235997e-06 -0.12304946397425215 0.0006777486811456231 0.08316836013370527 -0.05482116395066701 -2445988.2141647087
71.45324697261299 0.0030842260430577325 0.31106704075747954 240.99099265257703 0.7971572966360547 -0.3891677988036098 -0.0024553805050640557 1.234638876023206e-06 -0.12321744518451738 0.0006763684105473022 0.08325528725727166 -0.05487671177895498 -2445987.806189613
71.46084364118488 0.0030847769717933793 0.31126997569061965 241.03330540376635 0.7971223820919978 -0.38912304022792243 -0.002454417379054105 1.2348347327898695e-06 -0.12316949350756091 0.0006759167905663541 0.08326261637607507 -0.05490728921025556 -2445987.433290983
71.46642415973366 0.003086189218887182 0.3114447717643535 241.09543665588532 0.7968739682924846 -0.3890764914432696 -0.0024551231775574787 1.2347252936466563e-06 -0.12323153014127919 0.0006762356239181607 0.08325326090940321 -0.05499807249254259 -2445987.0354499444
71.48160663740336 0.003085307052746908 0.31133678635582074 241.09034981682004 0.7966554923161395 -0.38929996429806135 -0.00245349593675645 1.2351977311223945e-06 -0.12327999328574231 0.0006765207864227385 0.0832488808043254 -0.05501948171067311 -2445986.6660056724
71.49964186565214 0.0030836174916686766 0.3111838084807745 241.0495135866169 0.7963279158480007 -0.38917464448463235 -0.0024551627811013783 1.2364725112401049e-06 -0.12366877074278218 0.0006751114168758697 0.08337719989176776 -0.055012030323491626 -2445986.307551486
71.50070771723679 0.00308302990606197 0.3111825801204022 241.03715680441871 0.7959599770359982 -0.38895793743331786 -0.002455751531536104 1.2370257298841464e-06 -0.12384430792618967 0.000675503270801632 0.08340898358040459 -0.05507461657699239 -2445985.9691207823
71.50550450047558 0.0030834811213045817 0.3112618567774418 241.1119549950862 0.7959462239113431 -0.38924718140263814 -0.0024545898017936264 1.2367836499083425e-06 -0.12414085746445908 0.0006750863239371055 0.08348613817416972 -0.055135350207486805 -2445985.6670102305
71.5109516116338 0.003083188198866392 0.3112895928116127 241.14935411265228 0.7957669266524122 -0.388962116185003 -0.002456788467723057 1.237519547343221e-06 -0.12442371425787209 0.0006737590517413056 0.08359343214182154 -0.05518314948103131 -2445985.347202369
71.55171921121502 0.003082171973192936 0.3110824407649746 241.09842020381214 0.7954908670207765 -0.3893348148662892 -0.002454600892518724 1.2389246671195351e-06 -0.12468699701139921 0.0006753880198576742 0.08359490815571713 -0.055111887047637725 -2445985.038341813
71.56026073005779 0.003081746336336587 0.31131835219467263 241.06360232225626 0.7957307595940991 -0.38955001777900766 -0.0024543906438923577 1.2373096844480366e-06 -0.12467333085872839 0.000672151587676865 0.083696751796684 -0.05508846767933902 -2445984.7280926853
71.56964349902007 0.0030818404176702514 0.31147009295063743 241.02435981496774 0.7957284223935895 -0.38940298836225795 -0.0024535399123868555 1.23654945572699e-06 -0.12494317192081522 0.0006734313793271216 0.08371373837318598 -0.055088950166663146 -2445984.4507835708
71.58669515959502 0.0030812096490193744 0.3113847251591654 241.0735506064569 0.7951854718816466 -0.3890722551133165 -0.002456524796969262 1.2390042107842917e-06 -0.12458981917217087 0.000673330793103375 0.08363900622333723 -0.05511669733482043 -2445984.1660254057
71.66156291800384 0.0030771214333294486 0.3112521562677727 240.76777581925114 0.7956712280266981 -0.38880596740325907 -0.0024586433645307415 1.2392399418892909e-06 -0.12318484799461112 0.0006782623610578372 0.08318922099253166 -0.05475701499942468 -2445983.8723548157
71.67040053552248 0.0030767449714037276 0.3112050905613045 240.79431649969803 0.7952538886774163 -0.3889565692825576 -0.002456287918370153 1.2391778914770361e-06 -0.12307380354491745 0.0006782420365471634 0.0831684618538851 -0.05479430662891621 -2445983.6284419396
71.66772276630599 0.0030766090856813293 0.31124651521754976 240.78635333323479 0.795253367606391 -0.38870803768056683 -0.002458050430342537 1.2392514631053581e-06 -0.12355898135707213 0.0006762111921716379 0.08333888086925542 -0.05485498371274764 -2445983.391396695
71.67655993695286 0.003076503466005266 0.31136489467234696 240.7899668676898 0.7950003044945452 -0.3880269885034139 -0.0024626836361903823 1.2418815594770897e-06 -0.1238280610135953 0.0006744911331827788 0.0834320486513651 -0.054873462759524906 -2445983.1440440356
71.69018695552299 0.0030767250314478432 0.3113468123121442 240.8109568111987 0.7949682437356906 -0.3881735724990416 -0.0024622418063100816 1.2411110019882984e-06 -0.12395765803099087 0.0006750523454287121 0.08344388221251331 -0.05489430418816092 -2445982.937186911
71.70132574469591 0.0030765344847405456 0.31139834194933824 240.78039654844912 0.7947747620279391 -0.3889404667949067 -0.0024559826372444974 1.2401577775917762e-06 -0.12415796409006408 0.0006763800638687572 0.08345093671985104 -0.05489338345114764 -2445982.739392405
71.70872789067111 0.0030758476678397397 0.31146015254615345 240.78722482417973 0.7947531418872275 -0.3886386692838814 -0.002458705574606833 1.241052206405072e-06 -0.12400185940354912 0.0006742693557775101 0.0834882662812925 -0.05488498764796486 -2445982.5668279896
71.72525752287524 0.0030740937436595827 0.3112949048871574 240.73364502546121 0.7945103932284447 -0.3886167095251706 -0.002459045088304552 1.2415554870923212e-06 -0.12422887395208054 0.0006749009144070634 0.083498801964254 -0.054857868216203844 -2445982.370599249
71.72684934328592 0.003076425168362298 0.31163834571865423 240.7871050976819 0.7946617860291576 -0.3882808204042316 -0.002462986673756674 1.242545460001504e-06 -0.12487852329703804 0.0006742550568547708 0.08366112574462409 -0.05492259267193545 -2445982.164031717
71.73710625934197 0.003074480459153525 0.3114153280495177 240.72305716691505 0.7942593859696594 -0.3883386350527336 -0.002462067095572269 1.2435091826901477e-06 -0.12496961279735624 0.0006726184918312971 0.08374375438382375 -0.054928169211675065 -2445981.97859945
71.74482466994556 0.003074966920949508 0.3115712149044817 240.73563932041583 0.7942709892063614 -0.3886322184163247 -0.0024592963744987893 1.2414417072713456e-06 -0.12479119846846287 0.000672561586457167 0.08370658073458906 -0.05494428764349115 -2445981.7856046367
71.75390368621771 0.003073274203280126 0.31136836032211984 240.69641409731196 0.7937689630732316 -0.38829058024037255 -0.0024622386644937064 1.2440369214707136e-06 -0.12489067288743441 0.0006732537999707244 0.08370170067193171 -0.05496202033636803 -2445981.616190151
71.76527900666329 0.00307352529942946 0.31147647284998026 240.71720385344125 0.7937685894969793 -0.38793884059400996 -0.002462349220092716 1.2434021613625383e-06 -0.12502425888622196 0.0006722459326720248 0.0837719123269986 -0.05495393334697288 -2445981.4680436784
71.78255205743122 0.0030730396071320886 0.31139324673100266 240.73333625764238 0.7937031410855069 -0.38852387956409284 -0.002459733375426457 1.2432099960822804e-06 -0.12510978676463874 0.0006720015672256737 0.08379067966529705 -0.054943557209592514 -2445981.3160635857
71.78790761260672 0.0030742346675818304 0.3116021387218839 240.76136586053542 0.7938180699055157 -0.38837483314335647 -0.0024617596628197964 1.243686954774091e-06 -0.12496036417648818 0.0006731836418308321 0.08371363406973373 -0.05497529061491567 -2445981.1539452956
71.7942685638711 0.003073327419943767 0.3115574101500402 240.71945752862177 0.7934883874241394 -0.38840303311073676 -0.002460037907483224 1.2435540773625386e-06 -0.12494211022302268 0.0006724480061792741 0.083736058039875 -0.054986758759879996 -2445981.008010665
71.80153689041207 0.003071849972180804 0.311411238124194 240.71118858352065 0.7933106684589433 -0.3880766691818826 -0.002462152049510587 1.245076728704584e-06 -0.125226041184166 0.0006725182357272986 0.08381077174849431 -0.05499292960255771 -2445980.868860732
71.8035446982656 0.0030726930359871616 0.3115315816616079 240.74162720860778 0.7932702930051212 -0.38812175143005406 -0.0024626623057104825 1.2448873725475374e-06 -0.12546163719787604 0.0006725873109475291 0.08384209379421949 -0.05504319558653395 -2445980.7367179655
71.8139180040325 0.0030737947557529424 0.31164732893651365 240.8032447829031 0.7930931593699087 -0.38831181022585315 -0.002461032796103999 1.2444464090591437e-06 -0.1254633512390274 0.0006726186063820163 0.08385175556937552 -0.05507074696872128 -2445980.613378659
71.81999948152617 0.0030737703376096785 0.31169700868300726 240.8062876586469 0.7931565494424737 -0.38845801302284033 -0.0024613855571128385 1.2450375745571733e-06 -0.12542345760371304 0.0006717009270136055 0.08387620897616788 -0.05508217367161043 -2445980.489973148
71.81959669304578 0.003075015292815011 0.3118601197283138 240.82042247828105 0.7930567637390289 -0.3882020429033982 -0.0024621708317843355 1.2453604524369984e-06 -0.12598078003544694 0.0006719056498964528 0.0839636243268373 -0.055136954351675996 -2445980.384889903
71.8274660480188 0.0030740472097238528 0.31180204436099146 240.80128166743185 0.7929102063282178 -0.3885911162664143 -0.0024614203757047795 1.245263514402935e-06 -0.12554919113234841 0.0006726209492227023 0.08385608739771852 -0.05514050981007472 -2445980.2612628276
71.83103352201874 0.003075413314865187 0.3119822497359731 240.85393009027814 0.7928798716679586 -0.38848860925155493 -0.0024614349724960665 1.2443183399767584e-06 -0.1259467808156714 0.0006723570127333085 0.08396161341769912 -0.055180388329689634 -2445980.1553709423
71.83185706733548 0.0030764490782807584 0.31219094820949456 240.88531427941112 0.7929499673366069 -0.38808899661718266 -0.0024626823137581374 1.2451549939141587e-06 -0.12623920508867936 0.0006713427807174418 0.0840412179330382 -0.05521092256889364 -2445980.0531317308
71.83564297229915 0.0030776103442423527 0.3123199803620214 240.96121313846908 0.7929241647777061 -0.38842631816085016 -0.002461651142111638 1.2443496726011722e-06 -0.12646715148852194 0.0006708148568135887 0.08412447372187501 -0.05525700911598123 -2445979.9557082886
