   1.27465
   0.98723
   0.98651
   0.90797
   0.87112
   0.86660
   0.81231
   0.78574
   0.76145
   0.73939
   0.71824
   0.69905
   0.68965
   0.66548
   0.65127
   0.63395
   0.62140
   0.60678
   0.59581
   0.58543
   0.57423
   0.56279
   0.55500
   0.54434
   0.53717
   0.52927
   0.52253
   0.51476
   0.50771
   0.49722
   0.49188
   0.48640
   0.48083
   0.47552
   0.47023
   0.46558
   0.46137
   0.45691
   0.44746
   0.44293
   0.43830
   0.43461
   0.43027
   0.42589
   0.42210
   0.41799
   0.41465
   0.41219
   0.40656
   0.40317
   0.39996
   0.39737
   0.39457
   0.39309
   0.39023
   0.38775
   0.38538
   0.38366
   0.38109
   0.37840
   0.37599
   0.37386
   0.37117
   0.36899
   0.36695
   0.36475
   0.36278
   0.36306
   0.36138
   0.35995
   0.35834
   0.35684
   0.35480
   0.35374
   0.35223
   0.35052
   0.34851
   0.34724
   0.34600
   0.34477
   0.34376
   0.34208
   0.34078
   0.33982
   0.33853
   0.33708
   0.33605
   0.33524
   0.33442
   0.33349
   0.33236
   0.33287
   0.33189
   0.33068
   0.32979
   0.32871
   0.32783
   0.32820
   0.32760
   0.32590
   0.32523
   0.32423
   0.32343
   0.32378
   0.32342
   0.32300
   0.32193
   0.32091
   0.32072
   0.32056
   0.31994
   0.31937
   0.31879
   0.31844
   0.31808
   0.31771
   0.31742
   0.31725
   0.31661
   0.31628
   0.31665
