   1.04480
   1.17112
   1.14963
   1.16996
   1.17031
   1.15594
   1.16806
   1.16713
   1.16606
   1.16485
   1.16403
   1.16291
   1.15776
   1.16046
   1.15852
   1.15874
   1.15717
   1.15711
   1.15553
   1.15401
   1.15327
   1.15290
   1.15095
   1.15072
   1.14898
   1.14791
   1.14668
   1.14591
   1.14495
   1.14610
   1.14486
   1.14374
   1.14277
   1.14184
   1.14105
   1.14017
   1.13919
   1.13840
   1.14020
   1.13953
   1.13907
   1.13818
   1.13780
   1.13757
   1.13703
   1.13685
   1.13631
   1.13549
   1.13608
   1.13577
   1.13553
   1.13501
   1.13465
   1.13371
   1.13353
   1.13317
   1.13280
   1.13222
   1.13195
   1.13185
   1.13167
   1.13141
   1.13134
   1.13129
   1.13115
   1.13101
   1.13076
   1.12954
   1.12927
   1.12900
   1.12881
   1.12847
   1.12841
   1.12801
   1.12795
   1.12783
   1.12780
   1.12770
   1.12754
   1.12725
   1.12682
   1.12685
   1.12690
   1.12660
   1.12659
   1.12658
   1.12641
   1.12615
   1.12585
   1.12573
   1.12574
   1.12492
   1.12496
   1.12502
   1.12487
   1.12487
   1.12481
   1.12415
   1.12396
   1.12439
   1.12436
   1.12445
   1.12438
   1.12374
   1.12362
   1.12355
   1.12371
   1.12385
   1.12367
   1.12339
   1.12338
   1.12338
   1.12338
   1.12335
   1.12332
   1.12323
   1.12316
   1.12308
   1.12318
   1.12307
   1.12275
