-129642.666
-129522.101
-129464.441
-129410.414
-129365.881
-129329.323
-129295.326
-129266.514
-129241.304
-129219.274
-129199.885
-129182.644
-129167.666
-129153.962
-129141.497
-129130.391
-129120.589
-129111.776
-129103.717
-129096.402
-129089.785
-129083.697
-129078.099
-129072.992
-129068.303
-129064.062
-129060.320
-129056.683
-129053.314
-129050.341
-129047.610
-129045.012
-129042.584
-129040.342
-129038.273
-129036.407
-129034.679
-129033.039
-129031.491
-129029.997
-129028.641
-129027.340
-129025.990
-129025.103
-129024.060
-129023.134
-129022.241
-129021.441
-129020.610
-129019.880
-129019.230
-129018.604
-129018.019
-129017.467
-129016.963
-129016.471
-129016.011
-129015.594
-129015.160
-129014.766
-129014.405
-129014.064
-129013.715
-129013.442
-129013.170
-129012.888
-129012.613
-129012.369
-129012.135
-129011.934
-129011.735
-129011.525
-129011.324
-129011.150
-129011.007
-129010.839
-129010.666
-129010.546
-129010.421
-129010.281
-129010.140
-129010.024
-129009.940
-129009.829
-129009.743
-129009.650
-129009.562
-129009.477
-129009.392
-129009.323
-129009.261
-129009.195
-129009.146
-129009.089
-129009.027
-129008.975
-129008.925
-129008.878
-129008.833
-129008.798
-129008.766
-129008.729
-129008.693
-129008.651
-129008.625
-129008.604
-129008.577
-129008.551
-129008.529
-129008.502
-129008.479
-129008.461
-129008.443
-129008.429
-129008.415
-129008.398
-129008.384
-129008.373
-129008.361
-129008.345
-129008.336
