# ['gamma', 'delta', 'b_0', 'b_1', 'muM', 'sigmaM'] , maxL
0.3358316766059358 2.0373727281046494e-14 0.3819040160703061 0.33964397123093315 226.69249079846998 1.0920020557713235 -1778615.7800816009
0.39464425373716916 1.9427740337513704e-16 0.3601036171024675 0.3497694698189587 356.080076539616 1.3409136405693163 -1775902.3136861245
0.36747863115741447 6.079036770029862e-17 0.34169997182872436 0.6058363020215535 3189.0876937533426 2.3552252707487455 -1774732.2279423138
0.33592489521166313 6.12713978298116e-18 0.35874412809572076 0.9999999999766263 7788.686894926153 2.2489683024852374 -1774041.7627891575
0.29897291009627924 4.525584435642029e-18 0.3672521471071054 1.0 4414.492610888461 1.8350118197769465 -1773748.5239385916
0.266243150067922 6.925504925671786e-18 0.36692936629513134 0.9999999999947231 3397.0180502190897 1.6522383072442994 -1773594.4625796613
0.23712716160160197 1.0244264683486641e-17 0.3634866670267378 0.9999999999643026 2988.237061594588 1.5657858510169076 -1773505.4187636948
0.2119479724802047 9.449895331839092e-20 0.3588769429017264 0.9999999999959106 2804.4542870561763 1.5250857250507923 -1773448.2206984428
0.19040723117194175 0.0 0.35394830890257056 0.999999999999527 2718.8731598751565 1.5072001895805656 -1773408.353818308
-0.802803018705895 0.3588799667038096 0.33344011592448974 0.999983216222537 2707.2611457778685 1.5091069944786115 -1773081.0869190488
-0.8692474296208395 0.37391736977340884 0.327842042981434 0.9999999999917438 2619.445117003793 1.4836132620876905 -1773011.94383484
-0.9050466793024443 0.37702101513998054 0.3230905714375219 0.9999999695774175 2563.6606810867634 1.4666755309892356 -1772962.4837783044
-0.9344089321888374 0.3785051828278095 0.3182089600171901 0.9999999999989103 2534.1118037447177 1.458085614230404 -1772921.3004047456
-0.9596018247541545 0.37923624826720825 0.31331949616182575 0.9999999999892155 2519.0366865202614 1.4543875594885085 -1772886.2757807006
-0.981758771587125 0.37955549929806787 0.30853015758256697 0.9999999996842748 2511.7474275762233 1.4534329115958968 -1772856.081937385
-1.0027980046595637 0.38010833451310155 0.3039303208690378 0.9999988588670239 2508.2056393000194 1.453885149865826 -1772829.8018947644
-1.0191523438742371 0.3795115849900469 0.299502351052228 0.999999999778916 2507.5589101402466 1.4553202619784704 -1772806.9420430025
-1.0352735032792695 0.37927502868829155 0.29526466100857107 0.9999999999829267 2508.0285384934796 1.4571627917272032 -1772786.5704571467
-1.0499919381638727 0.3789614554817841 0.29122897335490683 0.9999999999500195 2509.041912286484 1.4591859404912269 -1772768.488693351
-1.063492096429898 0.3785911894299955 0.28739104315330954 0.9999999999961403 2510.2788277133095 1.461254795429468 -1772752.3618558513
-1.0759268417527834 0.3781800514820264 0.2837428357288394 0.9999999999938665 2511.5568031642183 1.4632903527626424 -1772737.9165626918
-1.0874225375915487 0.37774041340573283 0.28027446795010424 0.9999999999926048 2512.790783513618 1.465252626565686 -1772724.926323439
-1.0980866160030023 0.37728103706677574 0.2769762843400221 0.9999999999971371 2513.9204497790847 1.467114242776599 -1772713.203742457
-1.1080079006451 0.3768084872407664 0.2738376884069059 1.0 2514.917695569028 1.4688642131405207 -1772702.5903733848
-1.1172627239615252 0.37632768315159437 0.2708489684369344 1.0 2515.77223993698 1.470498034245777 -1772692.9528456344
-1.1259288838188097 0.3758465584497229 0.26800133438431345 0.9999999998721434 2516.4828729518226 1.472013730097296 -1772684.1773947717
-1.1340224564566102 0.3753546799939232 0.2652841963041642 0.9999999998716514 2517.0597551481037 1.4734231111755665 -1772676.1665988155
-1.1416391402954738 0.37486895799984954 0.26269064897981753 0.9999999999971961 2517.4981889938817 1.4747222699296796 -1772668.8367709536
-1.1488013523838654 0.37438484109194964 0.26021257309949203 0.9999999998491642 2517.8050209997646 1.475918139901209 -1772662.1149554793
-1.155551015313538 0.3739044966165608 0.2578427805985922 0.9999999999915111 2518.0120729774258 1.4770231568443144 -1772655.9380838766
-1.1619200645641974 0.3734285024222722 0.2555744508018115 0.9999999999784515 2518.1148069300734 1.478040233891619 -1772650.2516749036
-1.1679371837743642 0.37295708925688115 0.2534020022767163 0.9999999999819917 2518.1186796904285 1.4789736488097507 -1772645.0070556004
-1.1736356482828023 0.37249319109094936 0.2513190026431742 0.9999999999698612 2518.038379697984 1.479832416215999 -1772640.162040905
-1.179034519176221 0.37203542197544526 0.24932068199444607 0.9999999999811193 2517.881820788581 1.480620906987618 -1772635.6790699996
-1.1841560897286256 0.3715842990380222 0.24740232395182038 0.9999999999915397 2517.6560073419105 1.4813439552347567 -1772631.5248028073
-1.189021699069964 0.3711404947579384 0.2455591728489141 0.9999999999949583 2517.3689103069923 1.482007819673789 -1772627.669913743
-1.1936425770940826 0.3707020775495552 0.24378697696497192 0.9999999998574649 2517.024850937878 1.4826162556878832 -1772624.0881297307
-1.1980494058372217 0.3702744722906478 0.24208182145873142 1.0 2516.6340784653794 1.483174517740101 -1772620.7554948677
-1.2022153246845786 0.3698390527963582 0.24044266044919047 0.9999996366997377 2515.612982701932 1.4835312365296887 -1772617.6517340792
-1.206265750050119 0.3694410912758117 0.23885781916925805 0.9999999999173974 2515.393731516926 1.484068439067653 -1772614.747581819
-1.210082273832723 0.36903444642590305 0.23733270244280064 0.9999999996846609 2515.0239335913157 1.4845321451835338 -1772612.0466670669
-1.2137242290091566 0.3686342940185686 0.23586263895636506 1.0 2514.5693712493594 1.484944671902745 -1772609.5226454488
-1.2172145184227017 0.36824497001219336 0.23444420062218446 0.9999999999944512 2514.06626669656 1.4853177363341454 -1772607.1619933113
-1.2205515306602526 0.3678623312692159 0.23307480092660404 0.9999999999816083 2513.5242294318396 1.4856560539549766 -1772604.952069657
-1.2237460281521884 0.36748707439934725 0.23175346939208125 0.999999999987045 2512.9374469718236 1.4859561711590776 -1772602.8813543036
-1.2267922431947267 0.36711401098459107 0.23047639539033987 0.9999999986255119 2512.348572960879 1.486235969949493 -1772600.939630942
-1.2297361495806856 0.36675754989337195 0.22924086214176645 0.9999999999741351 2511.7344033036943 1.4864874203802394 -1772599.1174859393
-1.2325531501463391 0.36640535715528677 0.22804655944613672 0.9999999998113808 2511.105139479673 1.4867146528586583 -1772597.4057781757
-1.2352582433769017 0.36606042124038696 0.22689130153198736 0.9999999999953265 2510.4604798043574 1.4869188019847162 -1772595.7969950016
-1.237855294907348 0.3657221177869742 0.22577307870384272 0.9999999999708873 2509.813451945737 1.4871049689885822 -1772594.2838133818
-1.2403504109859802 0.36539045949951404 0.2246903692076491 0.9999999999998491 2509.1607831013503 1.4872730846805469 -1772592.8596347242
-1.2427505802841465 0.36506594581607305 0.22364151818583883 0.9999999999502498 2508.5079645878586 1.487425701930968 -1772591.5183614003
-1.2450593330072866 0.36474802566793774 0.22262479296503207 1.0 2507.84580827434 1.48756252299742 -1772590.25435563
-1.247283514425866 0.36443713095169017 0.2216398868491839 0.9999999999312238 2507.191668035827 1.4876860806885306 -1772589.0623942295
-1.2494240381550479 0.36413264804397755 0.2206843433858302 0.999999999997785 2506.5377496528813 1.4877973365400892 -1772587.9380234987
-1.2514870555522783 0.3638345673446418 0.21975789570290905 1.0 2505.8819791425767 1.4878952746090226 -1772586.876627767
-1.2534755659472414 0.36354279008833773 0.2188589049977317 0.9999999999926461 2505.2313879158746 1.487983170714191 -1772585.8742002184
-1.2553933463984333 0.3632569408086006 0.21798666786140902 0.9999999999947371 2504.5792560930367 1.4880590669750853 -1772584.9269976334
-1.2572482472923596 0.3629781715922601 0.21713929959486827 0.9999999999635958 2503.9242906057184 1.4881257951284552 -1772584.0314645856
-1.2590292362593538 0.3627031404058056 0.21631649831483812 0.9999999995872506 2503.288517327944 1.488186185784787 -1772583.184273507
-1.2607561276824617 0.36243565884842066 0.21551793751753015 0.9999999999829466 2502.6526141066556 1.4882360022156604 -1772582.3827421372
-1.2624229596793144 0.36217390697987345 0.21474191345605753 0.9999999999392952 2502.0183148450933 1.4882776635498272 -1772581.624002357
-1.2640322399294228 0.36191688916228415 0.21398781867269256 1.0 2501.3923117162644 1.4883133179850379 -1772580.905492601
-1.2654135536307858 0.36151923842627487 0.21351085523905117 0.99999999950918 2499.80840835403 1.4872924514904127 -1772580.2316223178
-1.2674180311965353 0.3614932535313464 0.21265927202650833 1.0 2499.9171014275307 1.4878033340906347 -1772579.5489561593
-1.2688684478561059 0.3612546258650362 0.2119302918088819 1.0 2499.225525140838 1.48791705543873 -1772578.9383064038
-1.2702431850566156 0.3610070833020035 0.21123091084453105 1.0 2498.6181178853485 1.4880168867935142 -1772578.359298617
-1.2715479726687016 0.3607574329734751 0.21055764853667158 0.9999999999997707 2498.0119822464058 1.4880851430252533 -1772577.8098435416
-1.2728341752152874 0.36052037415738825 0.20990525244616587 0.9999999999189013 2497.4538023517016 1.488146907223837 -1772577.288501225
-1.2740837585323768 0.3602898591345899 0.20927306813974705 0.9999999999052926 2496.908267517558 1.4881945880312093 -1772576.7935001547
-1.275302658062023 0.3600669890834177 0.20865953654340252 0.99999999992647 2496.3767172250755 1.4882327836406308 -1772576.3233322357
-1.2764848149928187 0.3598495733790951 0.20806365692713644 0.9999999999656912 2495.865421065605 1.488263662099627 -1772575.8767088864
-1.2776335964479788 0.3596377156303664 0.20748500188698588 0.9999999999703708 2495.353299024024 1.488283490945319 -1772575.4522200539
-1.2787532866055478 0.3594322411985552 0.20692234835995846 0.9999999999747089 2494.837820319906 1.488293652303668 -1772575.0487010905
-1.2798372165405851 0.3592307766236964 0.20637518576492803 0.9999999999772995 2494.332197808776 1.4882983716229659 -1772574.664955794
-1.2808923610514331 0.3590344622871868 0.20584289005634537 0.9999999999982507 2493.828289035466 1.4882964326820325 -1772574.3000285653
-1.2819164670168526 0.35884247732031443 0.2053247384408699 1.0 2493.3274866927095 1.4882887941447587 -1772573.9527963246
-1.2829113530838767 0.3586550226015628 0.20481986765797922 0.9999999999483749 2492.8321206114647 1.488277386752186 -1772573.6223456454
-1.283879176640915 0.35847187049905554 0.20432853516614435 0.9999999999927112 2492.340553353435 1.4882610867506272 -1772573.3077625989
-1.2848200522768316 0.3582931691244834 0.20384968944385679 0.9999999999980513 2491.856305324379 1.4882419661544968 -1772573.0082709165
-1.2857326418070638 0.3581177146087312 0.203383032230686 0.999999999999142 2491.3792309888017 1.488220481806875 -1772572.7230462
-1.2866189493729032 0.35794600942566723 0.20292806052046405 0.9999999997659466 2490.9099880847616 1.4881972654674662 -1772572.4513670513
-1.2874821592720118 0.35777849059759476 0.20248455811879912 0.9999999999997446 2490.444808203598 1.488171123807751 -1772572.192541932
-1.2883210789759905 0.3576145997806683 0.20205203908400282 0.9999999999666833 2489.9886869445245 1.4881439514177122 -1772571.9458813118
-1.2891387771555536 0.35745465596467446 0.20163035821339792 0.9999999999790548 2489.5299463521706 1.4881124012806781 -1772571.7108069495
-1.2899304391788575 0.35729710359600064 0.2012189280993763 0.9999999999957291 2489.086707698839 1.4880818431763876 -1772571.4866637664
-1.2907016922770878 0.35714326909503136 0.20081734483814867 0.9999999999979956 2488.654334625156 1.488051398160367 -1772571.272910426
-1.2914553475099524 0.3569936068537533 0.2004255735252454 0.9999999996815788 2488.228158125369 1.4880196227271623 -1772571.0690686833
-1.2921825782016592 0.3568454673744693 0.20004327480759443 0.9999999999982345 2487.8013755632714 1.487985078826407 -1772570.8745993164
-1.2928857942488952 0.3566923564672755 0.1997036671580184 0.9999991903113645 2487.2196341054614 1.4878298477441354 -1772570.6892532855
-1.2936016514980007 0.35656726186865545 0.19932150259628 0.9999999999421545 2486.939509619272 1.487862222755695 -1772570.51289581
-1.2942752769761745 0.3564295609794809 0.19896245237079385 0.9999999999692646 2486.538352797986 1.4878369103115143 -1772570.3438937254
-1.2949259191245708 0.35629259670787544 0.198613166078953 0.9999999999816291 2486.144811110977 1.487808303245878 -1772570.1825455527
-1.295561031315649 0.3561589909614046 0.19827247487238026 0.9999999999952529 2485.7636478369136 1.4877795041300796 -1772570.0285514733
-1.296179040019382 0.3560280840746255 0.19794016106282034 0.9999999999987085 2485.3887949804107 1.4877489610525618 -1772569.8815175663
-1.2967821258016001 0.3559002339095457 0.19761579882091343 0.999999999999803 2485.0221112282375 1.4877178610142474 -1772569.7410976358
-1.2973696292173047 0.35577513480380585 0.1972995089843097 0.99999999999388 2484.6587535990184 1.4876840793589654 -1772569.6069868945
-1.2979431312817797 0.3556529904444441 0.19699065148045708 0.999999999995557 2484.3017870253198 1.4876498036209092 -1772569.478870653
-1.2985005708505328 0.35553271476299164 0.1966892972625621 0.9999999999518183 2483.9495665351196 1.4876140492527177 -1772569.356460845
-1.299045604296458 0.3554159063642079 0.1963941725617318 0.9999999999899101 2483.6074635816512 1.4875804325611035 -1772569.2394720786
-1.2995772863591268 0.35530167405893803 0.19610597279580225 0.9999999999836411 2483.2778142991365 1.4875484507080343 -1772569.1276752194
-1.3000957005857052 0.3551900772332557 0.1958242573163197 0.9999999994332067 2482.9504437569685 1.4875147151040475 -1772569.0208691843
-1.3005988720014479 0.3550793829890383 0.19555013214367922 0.9999999999984279 2482.6166849973497 1.4874764272591274 -1772568.9187181916
-1.3010906793607786 0.35497164568563677 0.19528165080312593 0.9999999999735667 2482.296129898123 1.4874410723179816 -1772568.821085536
-1.301569428737476 0.35486593343407663 0.1950192919065496 1.0 2481.9822487450374 1.487405935668564 -1772568.7277299128
-1.3020369377540946 0.35476263493687576 0.19476284073198818 1.0 2481.674234376559 1.487370846953807 -1772568.6384556391
-1.3024940500964184 0.3546618323402736 0.19451218012925864 0.9999999999573805 2481.3715765636816 1.4873358584759204 -1772568.553076086
-1.3029378034030241 0.3545623620472508 0.19426732310988082 0.9999999984710248 2481.0730396651597 1.487300099734036 -1772568.4714344568
-1.3033972454124485 0.35447268013522937 0.19402921806310522 0.9999999979070878 2480.730052339208 1.4872491814167512 -1772568.393307789
-1.303798899827909 0.3543714195692419 0.19379434765535436 1.0 2480.46130812198 1.4872201431102443 -1772568.3185067275
-1.3042124493218483 0.3542782758669051 0.1935644832034043 0.9999999998723655 2480.2168624423066 1.4871968891932739 -1772568.2470051935
-1.3046123615436724 0.3541861436314323 0.1933407716938475 0.9999999999937972 2479.941325647903 1.4871627048358342 -1772568.1785640651
-1.3050073977637184 0.35409727245869804 0.19312196142089177 0.9999999999687621 2479.670112515385 1.4871287904986779 -1772568.1131016633
-1.3053910269642297 0.3540097110358927 0.1929078643730705 1.0 2479.405701647953 1.4870956732130303 -1772568.050444802
-1.3057660136558766 0.35392407232904316 0.19269859385595484 0.9999999999988232 2479.144229301025 1.4870621549483725 -1772567.9904622165
-1.3061337889061515 0.3538407574895225 0.1924939424531274 0.999999999992472 2478.8884328201702 1.4870291360013157 -1772567.9330590158
-1.306490328328516 0.35375833399276163 0.19229380535342883 0.9999999999812861 2478.6401658494897 1.4869970421251015 -1772567.8781044888
-1.306838492045356 0.35367760355683675 0.19209803036981143 0.9999999999953737 2478.394362331037 1.486964699818663 -1772567.8254880363
-1.3071796795915556 0.35359884613541254 0.19190676872588072 0.9999999999716777 2478.153313661906 1.4869325447690267 -1772567.775111027
-1.3075123864973541 0.35352178853928473 0.19171941787648566 0.9999999993301278 2477.918008485276 1.4869012450871364 -1772567.7268803716
-1.3078376976574324 0.3534461580742201 0.19153601583419017 0.9999999999653936 2477.6780737970375 1.4868684266731693 -1772567.6806947538
-1.308154634150921 0.35337187341350673 0.19135649478490058 0.9999999997411292 2477.4637096700976 1.4868414622835073 -1772567.6364217964
-1.3084642082760416 0.35329907685638506 0.19118123943144563 1.0 2477.239454100646 1.4868105174130322 -1772567.59404838
-1.3087663220190242 0.3532276697575528 0.19100971712539805 0.9999999999766165 2477.0217971553084 1.4867806843670281 -1772567.5534569863
-1.3090601376983582 0.35315768875342957 0.19084188555973047 0.9999999989796394 2476.7927083751674 1.486748024901754 -1772567.5145633235
-1.3093515766635546 0.35309012980356647 0.19067768331923915 0.9999999999977293 2476.5882339758064 1.48672014977514 -1772567.4773746429
-1.3096336435923126 0.3530231554491342 0.19051658011879558 0.9999999997761696 2476.3828796980706 1.4866923168767698 -1772567.4416918634
-1.3099100182862229 0.35295766627939834 0.1903592640551896 0.9999999999914047 2476.185610123822 1.4866651811356266 -1772567.4074788135
-1.3101780139412005 0.3528930501016323 0.19020538556881206 0.9999999999719122 2475.9866948331555 1.4866367034047359 -1772567.3747081533
-1.3104419712966284 0.3528301622798704 0.19005495239160197 1.0 2475.791285650954 1.4866083542212878 -1772567.3433138612
-1.310698450386063 0.3527680919290307 0.18990699231872074 0.9999999997116114 2475.610551297558 1.4865847185546133 -1772567.313215107
-1.3109517311426 0.3527080773627062 0.18976280998396153 0.9999999999811888 2475.4215831322026 1.4865571842072396 -1772567.2843555757
-1.311196554445363 0.3526485431062537 0.18962189269309204 1.0 2475.2341935719305 1.4865291518796806 -1772567.2567150663
-1.3114002792634185 0.35257759506638264 0.18947941991785824 0.9999999686500842 2475.16845347867 1.4865442675340548 -1772567.2302384935
-1.31166364796827 0.3525303044745372 0.18934385959347166 0.9999999999951967 2474.968836784049 1.4865116352445864 -1772567.2047600627
-1.3118976245219958 0.35247615416403594 0.1892125854343249 1.0 2474.767190639577 1.4864759125678981 -1772567.180414934
-1.3121241226430387 0.3524222543642165 0.1890837269148934 0.9999999999987669 2474.5787704208224 1.4864440646269081 -1772567.1570819514
-1.3123457592894905 0.352369576317922 0.18895752039032968 0.9999999999872994 2474.39742378115 1.4864137082469635 -1772567.1347080169
-1.3125608526749595 0.3523173578258345 0.18883362537835813 0.9999999999738759 2474.222321029547 1.4863854388907431 -1772567.1132624426
-1.3132088523935126 0.35242638232206835 0.1887135074830559 0.9999999996494444 2473.1616633660724 1.4861023750218565 -1772567.0931090652
-1.3130552002628557 0.3522470126250523 0.18862164375812046 0.9999999999944678 2473.0667407008614 1.48605409178652 -1772567.07339192
-1.3132127881899094 0.35218200089241103 0.18849991914409475 0.999999999942806 2473.186248350745 1.4861149879311002 -1772567.0544204595
-1.3134032632426107 0.3521308679305465 0.1883808529831419 0.999999999785304 2473.2311847858073 1.4861540949847725 -1772567.0362776741
-1.3135857339232138 0.35208015213073507 0.18826520566434707 0.9999999998577396 2473.205787510586 1.4861724569784762 -1772567.018871753
-1.3137681895575073 0.35203179331498946 0.18815300970897125 0.9999999999202163 2473.139852494294 1.4861776684658472 -1772567.0021782152
-1.3139483994499048 0.3519850460060618 0.18804386450042837 0.9999999999571922 2473.046484267751 1.4861736566165185 -1772566.986169947
-1.3141258306124186 0.35193956006622085 0.1879373699208482 0.9999999999746759 2472.9455507289576 1.4861662173134473 -1772566.9708072217
-1.314297069023942 0.3518941457437429 0.18783382507774732 0.9999999998981859 2472.835468992427 1.4861541316826676 -1772566.956076441
-1.3144718307900571 0.3518522466016106 0.1877320423096716 0.9999999999883121 2472.7174933866927 1.486140685605499 -1772566.9419381116
-1.3146393994879015 0.35181006144722066 0.18763309868453415 0.9999999999951792 2472.594365038899 1.4861238820655815 -1772566.9283826635
-1.3148019619285156 0.35176831014043086 0.187536254094049 0.9999999999937079 2472.468710586344 1.4861058895217032 -1772566.9153879401
-1.3150072991249329 0.3517426509875045 0.18744413726229844 0.9999999677281113 2472.275753460458 1.486061759327439 -1772566.9029234487
-1.3151253706835289 0.35169038641652706 0.18735209962557914 0.9999999999959721 2472.160367877768 1.4860447465463493 -1772566.8909680704
-1.3152783742879683 0.35165162972447617 0.18726056393457313 0.999999997782369 2472.0285627189123 1.4860270694524007 -1772566.879484293
-1.3154263569930875 0.3516125291062909 0.18717111749823717 0.9999999999905542 2471.9415461277986 1.4860184279134263 -1772566.868497135
-1.3155731006756812 0.35157488411138693 0.18708388312655477 0.9999999999982692 2471.836307438995 1.4860040116642659 -1772566.857925984
-1.3157170360006578 0.3515383220624177 0.18699820738611528 1.0 2471.7350614912075 1.4859906597866939 -1772566.8477807245
-1.3158587617948423 0.3515028203734133 0.18691381099214574 0.999999999912526 2471.642111813321 1.4859803115640726 -1772566.838046763
