-129142.901
-128961.964
-128961.807
-128961.692
-128961.560
-128961.432
-128961.326
-128961.206
-128961.086
-128960.966
-128960.852
-128960.721
-128960.626
-128960.511
-128960.412
-128960.320
-128960.225
-128960.105
-128960.005
-128959.910
-128959.811
-128959.710
-128959.617
-128959.524
-128959.427
-128959.336
-128959.233
-128959.136
-128959.033
-128958.954
-128958.865
-128958.776
-128958.707
-128958.625
-128958.537
-128958.469
-128958.392
-128958.319
-128958.256
-128957.922
-128957.900
-128957.878
-128957.877
