   119.852      0.000      0.000      0.000      0.000      0.000      0.000      0.000      0.000      0.000      0.000      0.000      0.000      0.000
   130.580    150.246      0.000      0.000      0.000      0.000      0.000      0.000      0.000      0.000      0.000      0.000      0.000      0.000
   153.657    172.816    195.202      0.000      0.000      0.000      0.000      0.000      0.000      0.000      0.000      0.000      0.000      0.000
   175.242    202.187    213.127    242.739      0.000      0.000      0.000      0.000      0.000      0.000      0.000      0.000      0.000      0.000
   174.640    211.100    230.856    269.771    307.785      0.000      0.000      0.000      0.000      0.000      0.000      0.000      0.000      0.000
   173.585    244.061    254.055    304.161    349.386    395.138      0.000      0.000      0.000      0.000      0.000      0.000      0.000      0.000
   216.017    255.490    252.195    330.612    402.268    450.400    533.655      0.000      0.000      0.000      0.000      0.000      0.000      0.000
   228.527    266.399    295.711    357.671    418.284    517.661    614.069    731.053      0.000      0.000      0.000      0.000      0.000      0.000
   136.860    198.979    350.129    377.698    454.378    565.710    710.467    835.236   1002.641      0.000      0.000      0.000      0.000      0.000
   141.730    296.162    348.949    323.274    500.483    623.816    748.069    925.144   1128.593   1343.011      0.000      0.000      0.000      0.000
     0.000    375.995    180.448    420.771    502.725    595.766    778.802    986.262   1279.440   1490.148   1735.783      0.000      0.000      0.000
     0.000      0.000      0.000    243.557    417.458    667.961    829.614   1164.099   1300.718   1627.952   1919.478   2087.163      0.000      0.000
     0.000      0.000      0.000      0.000    574.182    528.517    770.776    967.348   1413.968   1648.168   1913.369   2113.359   2150.417      0.000
     0.000      0.000      0.000      0.000      0.000    494.760    650.955    998.225   1207.457   1616.860   1842.035   2017.833   2074.538   1975.371
