-130223.588
-129455.173
-129394.334
-129344.196
-129302.755
-129268.024
-129238.785
-129214.106
-129193.214
-129175.437
-129160.157
-129146.984
-129135.745
-129126.151
-129117.795
-129110.576
-129104.305
-129098.858
-129094.114
-129089.971
-129086.301
-129083.146
-129080.340
-129077.871
-129075.756
-129073.881
-129072.179
-129070.681
-129069.381
-129068.224
-129067.227
-129066.163
-129065.566
-129064.850
-129064.218
-129063.660
-129063.186
-129062.744
-129062.286
-129062.005
-129061.716
-129061.450
-129061.219
-129061.008
-129060.824
-129060.656
-129060.499
-129060.369
-129060.249
-129060.141
-129060.050
-129059.968
-129059.898
-129059.835
-129059.778
-129059.730
-129059.688
-129059.648
-129059.618
-129059.586
-129059.559
-129059.537
-129059.515
-129059.496
-129059.478
-129059.462
-129059.452
