# ['D0', 'B', 'C', 'mu', 'sigma', 'a_01', 'a_11', 'a_21', 'c_01', 'c_11', 'd_11', 'L'] , maxL
78.71716520172956 0.0030288442445693666 0.29805637566145826 222.26186721881288 0.8063843647891209 -0.421780454719886 -0.002419307133017975 1.1841540387426276e-06 -0.0786636719304965 0.0008061236106071889 0.06938274874262623 -0.053302899247244 -2313889.2118216264
80.32460479962836 0.0031281340921683583 0.30286177256397073 224.88338913548574 0.8447048217497599 -0.420913973322607 -0.002307968443822797 9.939981489824362e-07 -0.04464467120464792 0.0008349138292553552 0.06117100774953978 -0.04947222664997293 -2313783.831362423
81.35050939790433 0.0030385628791361006 0.29304639466201404 219.86029789327233 0.8517621847516588 -0.41682046344452356 -0.0023344714243848 9.998103583154256e-07 -0.04279466245201852 0.0008472061512416764 0.06033690733665292 -0.04501259675479638 -2313767.049981095
81.50127148107234 0.003039824657167304 0.2923815907142422 219.86336648425674 0.8536929525457696 -0.418008953512353 -0.002324413538304467 9.918780646692084e-07 -0.044138912364528396 0.0008445431984697386 0.06068231798733937 -0.04499284754402458 -2313759.565355717
81.5771381339903 0.003043516876856684 0.29271223282882475 220.06922755409937 0.853466332794903 -0.4174005916210246 -0.0023271176043097377 9.924502670065987e-07 -0.04458327686926691 0.0008444902014356265 0.06075907689513842 -0.045144891931667194 -2313753.312337633
81.63528892466837 0.003045657072574667 0.2929842996084806 220.31613033107845 0.8527187784123142 -0.4164843620327239 -0.002335078312102652 9.99200032713022e-07 -0.04535430821341342 0.0008441641953792925 0.060922630211685244 -0.045315541084226765 -2313747.6965535907
81.68623323457086 0.0030502982337466435 0.293618839378331 220.67442993108057 0.8518821321635507 -0.4154042925307329 -0.002341151229235572 1.0016338626166502e-06 -0.04569857241284332 0.0008459542336106975 0.06095491570622433 -0.045511260527934735 -2313742.3699768162
81.73352639079553 0.003052008645908034 0.2938485504951207 220.97006091641683 0.8512329739728698 -0.4167742931091598 -0.002332368919919971 1.0003595604135177e-06 -0.04645992906759429 0.0008430753793215308 0.06118806560877096 -0.045706013356325174 -2313737.30405379
81.8000408090563 0.003047103132300162 0.2934336557498771 220.9733796213917 0.8501025131369765 -0.41651882583229927 -0.00233132736838674 9.972304481595254e-07 -0.04719326648582775 0.0008413334869311214 0.06140199800046721 -0.04573551022119429 -2313732.5163810174
81.85102384108059 0.003048689173215763 0.293707921963765 221.24951794344565 0.8491431460231043 -0.41525964068975374 -0.0023438697618587043 1.0052116527927738e-06 -0.047509023527776396 0.0008412263647257483 0.06147079052651272 -0.04589606373597861 -2313728.010811676
81.92122743687779 0.003048401331877776 0.2940078340276525 221.380745659559 0.8485820522129006 -0.41568264076747696 -0.002337644615192246 1.0030890855646223e-06 -0.04796995790968252 0.0008394017337668446 0.06163717715041632 -0.04588879948979285 -2313723.716802596
81.96368372450013 0.0030499557584876455 0.29429707612278094 221.65504985650733 0.848307705034469 -0.4155350304691957 -0.002337982984815943 1.0028161324077807e-06 -0.04830165367807941 0.0008393130568212248 0.06168272008197058 -0.046029957046878484 -2313719.8166935206
82.01372283332742 0.003051162797098989 0.29459276484753605 221.84800631502844 0.8477170230955764 -0.4157118628592614 -0.0023384461952752787 1.0046217403057892e-06 -0.04860956731087271 0.000837886562701836 0.06182363787653505 -0.046130702980553745 -2313716.059953465
82.06714251224264 0.0030515180584608013 0.29485480814285303 222.015971086486 0.8471320279498948 -0.415409011514755 -0.0023396019994128226 1.0037711936237854e-06 -0.0495717836314543 0.0008363808279769744 0.062069306769506165 -0.04618714651005235 -2313712.601773328
82.13444163310658 0.0030516323743646203 0.2950871591713918 222.15054384677666 0.8462877798911055 -0.4158429889667534 -0.0023380205842893406 1.0054702423427343e-06 -0.04946747400836558 0.0008366259928267932 0.062033641642318435 -0.04619354547812918 -2313709.3250221317
82.16883829398728 0.00305269186864864 0.29531135974171807 222.33366406818345 0.8456868872712331 -0.41464436379300973 -0.0023455548996270765 1.0077993532743036e-06 -0.049959529396275404 0.0008364767371543654 0.06213228556350557 -0.046334698303549554 -2313706.2097497704
82.19458370543413 0.0030551524940345184 0.2959583995545062 222.51719049460763 0.845569364149168 -0.4145883159191124 -0.002346964117982249 1.0078019579213685e-06 -0.050249657378742464 0.0008355792342285546 0.06223405948381554 -0.0464308437900504 -2313703.3715879065
82.24256086954901 0.0030573640821904557 0.2963084855097906 222.7266256958336 0.8452276905517251 -0.4147267931351929 -0.002344314299836718 1.0074755043877083e-06 -0.05062081766492006 0.0008345549638438148 0.06235068193506875 -0.046521003612247286 -2313700.529961022
82.27712005961908 0.0030582989709247235 0.29650001931531567 222.96807348579193 0.8448584915313844 -0.4145913946968047 -0.002347311732513596 1.0112862658905243e-06 -0.051251142811557224 0.0008319749959919492 0.06256104930485534 -0.04664617848539483 -2313697.914849189
82.32827085172825 0.0030579845417113413 0.2965943467944209 223.01070243987664 0.844124829614981 -0.4150570243235757 -0.0023417499014770277 1.0082112136059153e-06 -0.05175745328312183 0.000831675098505529 0.0626841788676099 -0.04667634951861909 -2313695.4550501555
82.4535535033448 0.003055359421377463 0.29680357869560836 222.84429019702105 0.8441993359609801 -0.41477289665292716 -0.0023450722145187657 1.0090567344911162e-06 -0.0508643234190754 0.0008342879954243 0.06239858218818671 -0.04632576821135545 -2313693.1466517975
82.49595731794527 0.00305370333730907 0.2968011794949949 222.890273386854 0.8438242553950955 -0.41483092654122566 -0.002342677117901671 1.0070527151116518e-06 -0.05061425114765379 0.000834913918830412 0.06232299381243612 -0.04634156511917082 -2313690.976917803
82.52282998108944 0.0030548237783545643 0.2970288692573735 223.0493952399574 0.8431411518456322 -0.4145516510379269 -0.0023443566121950804 1.0087007423826843e-06 -0.051037857373297774 0.0008332833608395703 0.06246423100263339 -0.046466772642463454 -2313688.882271638
82.55416471401585 0.0030561666737699634 0.2973269138155674 223.19138399100342 0.8427364712534053 -0.4145984307037658 -0.0023450878094730563 1.0095546783860759e-06 -0.05134393674540488 0.0008329906308195854 0.06253428699226046 -0.046554786728194734 -2313686.9382607974
82.58323553980026 0.003058126706542205 0.2977535318074962 223.30885937239555 0.8423274109172281 -0.4142308912612602 -0.0023468654625692655 1.0114218261521626e-06 -0.05200523059568406 0.0008318778104589312 0.0627107442142603 -0.046632362230480714 -2313685.104447248
82.63258458147692 0.003059176785071965 0.2980165897306869 223.4246868172537 0.8419732911891212 -0.41425168060033046 -0.0023471334984762225 1.0121601341451144e-06 -0.05225556141618595 0.0008308160938942572 0.06280560132856979 -0.046640571809573324 -2313683.4072002512
82.66054426731884 0.0030618231908712667 0.29848621256915786 223.64771391592325 0.841817097250087 -0.4141340932463438 -0.0023471185024409157 1.0118340071156458e-06 -0.05291134074176444 0.0008304905336398059 0.06294624173501061 -0.04672735060558984 -2313681.762712361
82.68851359314473 0.003064008401172629 0.2987691936344906 223.86808531501885 0.8413575050097921 -0.4140420475985893 -0.002349052476193437 1.0142338655774714e-06 -0.05335502894960217 0.0008295649905485118 0.06307043821211103 -0.04685173243223385 -2313680.161229448
82.70557341180319 0.0030644730440939506 0.29898930502606563 223.94682176772534 0.8409981842887113 -0.4143288991972254 -0.0023459297681625866 1.0100439417341636e-06 -0.053695974502621244 0.0008298084861361786 0.0631267061561957 -0.046946193266323336 -2313678.6559892492
82.73346864974246 0.003066370202962253 0.2993527799882883 224.08733966154222 0.8408423940962928 -0.4141008844673465 -0.002347526152141982 1.011813049403404e-06 -0.05400744696983657 0.0008278836771015137 0.06326618157514624 -0.04701609775178504 -2313677.2347243335
82.76642605734366 0.0030676354542845657 0.2994645650302549 224.21057095025506 0.840255384954155 -0.41441256200092064 -0.0023453771798876946 1.012059407302016e-06 -0.05461790167689351 0.0008286022340165983 0.0633508351360445 -0.04710819931401388 -2313675.9127311464
82.78168467769765 0.0030660138660022164 0.2993648678100561 224.27644271122398 0.8397661192274757 -0.41409740163026354 -0.002348000672097039 1.0140441226950766e-06 -0.054586510412897846 0.0008259508857002792 0.06344618768966956 -0.04719492172278919 -2313674.670651635
82.80798298213814 0.0030646259627682745 0.2991911235363659 224.2897611504677 0.8388838261618785 -0.4139100882483079 -0.0023487747313175713 1.0159896607458988e-06 -0.05507572618440648 0.0008266549497188804 0.06351718365812034 -0.04727320783789987 -2313673.4891052507
82.89007808040517 0.0030610155296863055 0.2990569570754169 224.13265531358286 0.8384802258758687 -0.41438431312459023 -0.00234620655737561 1.0131880680932516e-06 -0.052300253946864855 0.0008320339718788509 0.06276801722012816 -0.047060516444154474 -2313672.32785853
82.90059093465271 0.00306359293910795 0.29962264316155945 224.26822168808778 0.8386326994968014 -0.41337122026713047 -0.002351577923691741 1.0150228984022147e-06 -0.052720238718206316 0.0008309842772351631 0.06288686031165727 -0.04713419647819597 -2313671.265795874
82.90708405188343 0.003062748761338871 0.2995912577415776 224.32587725419148 0.8380632621990081 -0.41383546778709457 -0.002348120183807016 1.0144728786152342e-06 -0.0526273229525056 0.0008295725133798688 0.06291638166938424 -0.04724864214513405 -2313670.2622047183
82.9155139241191 0.003064581715024815 0.2999347151048739 224.4816581613648 0.8378116976623453 -0.41322684748796606 -0.002354186457833649 1.0178052758791715e-06 -0.052871467754841174 0.0008289769149501363 0.06299754344690933 -0.047358125562607774 -2313669.3309988286
82.93594396430991 0.0030659534640132147 0.3001210277523302 224.5837509116626 0.8375623787056532 -0.4134397011021227 -0.002351460730437273 1.017596737227555e-06 -0.05318227774002367 0.0008289008177258922 0.0630604899962132 -0.04743172118309255 -2313668.478867483
82.9562339303447 0.0030675054243304136 0.30039481985355965 224.6837235133482 0.837280468478875 -0.4135626940982524 -0.0023508306913503597 1.018133982161318e-06 -0.053404225626327205 0.0008279279176006261 0.06313532913883116 -0.047496442544107315 -2313667.6520650117
82.98134115776176 0.0030704263496399596 0.3006525837464167 224.84088407770457 0.8367574966408069 -0.4136937232032454 -0.002349949776304931 1.0151052269582072e-06 -0.05264968691161148 0.0008316470812537713 0.062861171283669 -0.04759789312587413 -2313666.8642917536
82.99123595503505 0.0030722698969816976 0.3010997111160081 224.9365275828488 0.8368292985890231 -0.4132471911231694 -0.002352759622098915 1.0169162054588587e-06 -0.05284607394077 0.0008301974909029918 0.0629387443738782 -0.047658718874047754 -2313666.0896156593
83.00321597467484 0.0030736232337345085 0.3013771271784317 225.04183507612026 0.8365471806045002 -0.41256919168222295 -0.0023573455287964817 1.0182465860686445e-06 -0.053148533465795025 0.000830125209599724 0.06302048304170643 -0.047732030154322536 -2313665.3856303864
83.03007862716582 0.0030746191926330903 0.30160486585170515 225.1052843051989 0.8362901129193872 -0.41284918253255243 -0.0023551715504089655 1.0180541158765022e-06 -0.05332528401126328 0.000829079970581225 0.06308479076060153 -0.047751442654470955 -2313664.7170478264
83.05127867779078 0.0030763521221580585 0.30184140093672257 225.17870956440177 0.8360382286886588 -0.4135559304785348 -0.0023497572386949293 1.0171499767127573e-06 -0.05321470390704125 0.000830045302165523 0.06302334669057955 -0.047804508583425095 -2313664.103212055
83.0601559825842 0.003075736543866771 0.3018553247299276 225.19228484359766 0.835651784775165 -0.4134505322848012 -0.0023516342990987866 1.0165355317007956e-06 -0.05358947519659377 0.00082935148409797 0.06313061349122555 -0.04787044810979407 -2313663.5136454413
83.07899806112582 0.003076415520662819 0.3020178146817792 225.3139873715279 0.8354604060929252 -0.4127975374002105 -0.0023557690442132144 1.0193737844858824e-06 -0.053894276203167585 0.0008285792716569444 0.06321652263458233 -0.047913702657937055 -2313662.93249435
83.09231550328143 0.0030755990614788065 0.30194942372872735 225.36374662213018 0.8350013135082033 -0.41276865167318366 -0.002357853952591956 1.0207427872629674e-06 -0.05405066521172222 0.0008277328957863352 0.0632702209060918 -0.047978222118912534 -2313662.3925352213
83.10600569133024 0.0030758283646186643 0.302068872777954 225.3669794812936 0.8349529206203381 -0.4135175551574811 -0.0023504152218838626 1.0178668986918512e-06 -0.054235622542503824 0.0008281453419021418 0.06330005485800774 -0.048009426142755315 -2313661.8894210085
83.12436593397236 0.0030779993097121107 0.3022623318232232 225.49835741552084 0.8344405397458436 -0.41362437218469306 -0.0023499320820109734 1.0168944440780258e-06 -0.054163812215649004 0.0008288230489712611 0.06325619418878173 -0.04809576568137911 -2313661.4165374497
83.13166333403554 0.0030782794961469032 0.30250429368880577 225.48210032516442 0.8342694082140552 -0.41332950516855016 -0.002350864949597101 1.0194142958405983e-06 -0.054378512656039116 0.0008278408649471221 0.06335131746873231 -0.0481273916245297 -2313660.929351585
83.08498496748109 0.0030822549914135957 0.3029129873081683 225.66081670727692 0.8336639375199879 -0.41324630546779084 -0.002351858652242323 1.0185954958544908e-06 -0.04919560450742641 0.0008378146786228453 0.06193931735683035 -0.048445749614881184 -2313660.4620947405
83.10333041935716 0.003082852975484856 0.3030221824394599 225.7526054222522 0.8334315956361575 -0.4133139447888759 -0.0023521154895242793 1.0183023727851265e-06 -0.04959707364848258 0.000837005733836136 0.0620480729121731 -0.048487130369879575 -2313660.0370165315
83.11943167572457 0.003083383042941531 0.3031582273899106 225.82362245168667 0.8333985176919247 -0.41310046267332806 -0.0023522575223658957 1.019412273943867e-06 -0.04976481631782917 0.0008356084443059755 0.06212918383221632 -0.04851063417185503 -2313659.6515898732
83.1344131255922 0.0030831679612701155 0.30319395891319745 225.8244201343403 0.83319545862426 -0.4130963620090492 -0.002351693235362295 1.0195761019699323e-06 -0.050052669726809745 0.0008358023256054721 0.062188199919297985 -0.04852997150432573 -2313659.3028420922
83.14612099977987 0.0030827109563636955 0.3032047931404732 225.88233250180832 0.8329306214009862 -0.41285080689383 -0.002354815733255808 1.0208733965684875e-06 -0.050125070018003995 0.0008351847564501086 0.06221736647031712 -0.048573308325287196 -2313658.9340139674
83.15893666895326 0.0030825714850544047 0.30319502534690734 225.8788082882937 0.8325852553911607 -0.41328322099059134 -0.002351258308417383 1.0210527665564202e-06 -0.050445925290856425 0.0008344487815660842 0.06230239963208994 -0.048616012352083585 -2313658.607480181
83.17136582159094 0.0030836884847876625 0.3033993837037161 225.9223841698702 0.8324205088394143 -0.4131599453255783 -0.002352234124030802 1.0197772059407446e-06 -0.050866674783171306 0.0008340859646482417 0.06241339986543224 -0.04864767011647807 -2313658.3092983346
83.18454587364334 0.0030845342284735516 0.3035474581129576 226.0059340502459 0.8323324730575075 -0.41291996303155576 -0.002354510703259132 1.0218948454222795e-06 -0.05102848896835561 0.0008334608682640976 0.06246609838508416 -0.048685094858233115 -2313658.012487725
83.19350578698484 0.0030853306713742377 0.30372285575261615 226.0662473947172 0.8322233787227764 -0.4126713408212157 -0.0023566271137587195 1.0221992831575297e-06 -0.051355794257798036 0.0008335699398594623 0.06252709049780265 -0.048719330544400315 -2313657.7623214517
83.2030100025157 0.0030852530554455887 0.30375531561532537 226.11767018390438 0.831976578898719 -0.4128683703830469 -0.0023538679600811404 1.021564668213268e-06 -0.05167676016512687 0.0008322585691027245 0.06263608502238908 -0.048755017736934254 -2313657.5161106787
83.22176143806385 0.003084991430601572 0.3037863772937698 226.13838193474612 0.831803626293842 -0.41282755713582203 -0.0023543842093573233 1.0223215546685233e-06 -0.051801428810200285 0.0008314814760840181 0.06269063047887594 -0.04875871485622829 -2313657.252829352
83.26635961242798 0.0030837345619507527 0.3039001550265972 226.0317832820266 0.832057577838432 -0.41271523004135624 -0.002354870699233104 1.019245683789238e-06 -0.04897928653284754 0.000837015552301859 0.06192006504078881 -0.04859878477074332 -2313656.987279162
83.26985271077442 0.003085249532981285 0.30417175225362025 226.04830376047175 0.8318759264256899 -0.4127402755231412 -0.002355745435728864 1.0212216340077779e-06 -0.049621849981319674 0.0008367656521791735 0.062060959869036814 -0.04864859955948557 -2313656.771708188
83.2804636399765 0.0030852649931455405 0.30421249174117915 226.09185943665193 0.8316949563022756 -0.412463792699284 -0.002356736555205759 1.0223759148364931e-06 -0.049786260732243286 0.0008352417705151941 0.06214180028125086 -0.04866755250876151 -2313656.592638296
83.28993474430476 0.0030857965193826255 0.3043290654140919 226.15209045293489 0.8314752134810948 -0.4125372889084688 -0.002356249093942206 1.0217559933438713e-06 -0.050170975755789445 0.0008354450510817981 0.06222394337469798 -0.04870206039992824 -2313656.375502278
83.29997412614685 0.003086221189389151 0.30436133834012097 226.18421020907505 0.8314213066812213 -0.4124322018150297 -0.0023576927753404 1.0233645528611839e-06 -0.05052288882142077 0.0008346162434555119 0.06232630349094502 -0.048738184598691864 -2313656.1899962486
83.31110184640482 0.0030869965125973585 0.30451184477462195 226.2045610194578 0.8311743407096941 -0.41237144340794196 -0.0023587126070718093 1.0242181447696519e-06 -0.050725746686616516 0.0008340358137327343 0.062381287173556364 -0.04876078575028983 -2313656.0204068767
83.3177957692252 0.003087502424120204 0.304644742020334 226.253477268631 0.8311376017031784 -0.4125392269200309 -0.0023555223740141856 1.022601525171453e-06 -0.05111320908279118 0.0008343323220784727 0.0624557169596091 -0.04877983889833204 -2313655.859993482
83.33223445755323 0.0030880561559460534 0.3047527797114707 226.2993823418406 0.8310634097538241 -0.41284317021213845 -0.0023538768850489764 1.0216663188695785e-06 -0.051262826574567606 0.0008329145799749272 0.06252664216167883 -0.048792198282929675 -2313655.6929149283
83.3456701887156 0.003088476442903532 0.3048177835478054 226.34124971485787 0.8310580906519671 -0.4126242425426846 -0.002355694100950977 1.0225698830225644e-06 -0.051500768620198145 0.0008326534518843754 0.0625804330326353 -0.048804278342309146 -2313655.5443690782
83.35480199804648 0.003088871058277638 0.304824958070644 226.37864990256378 0.8307264914896985 -0.4126713569264463 -0.002356183857783475 1.0233780035333628e-06 -0.051824360972066705 0.0008331336357262531 0.06264118605001309 -0.04884576917848796 -2313655.3995210985
83.36131956404802 0.0030881302156697717 0.30477572894605864 226.36692794872857 0.8305671981269935 -0.41244216938583644 -0.002357037063823716 1.0253452893888491e-06 -0.051885289195535395 0.0008312218192427269 0.06272061224304729 -0.048866380825428365 -2313655.253288323
83.36658648003122 0.003088766890930625 0.3048735040381424 226.41239514909375 0.8304775947660654 -0.4124915051476691 -0.002356584385153163 1.0251653388032936e-06 -0.05213320416802098 0.0008319022644823539 0.06274289023564159 -0.04890260486167884 -2313655.1287770327
83.37782437259673 0.0030888682204520475 0.3049368077552636 226.46705978672406 0.8303906584239455 -0.4125857291138679 -0.002355830825411352 1.0242437234699747e-06 -0.05195277939343715 0.0008312643594021723 0.06272588010292435 -0.04891038448944916 -2313655.0083441236
83.37971270343357 0.0030896469516201383 0.3050859018024404 226.4955844919721 0.8303818367732987 -0.41249312457425635 -0.0023572967181389737 1.024072311904165e-06 -0.052086987505663096 0.0008318270470688332 0.06272827960415053 -0.04894645306156927 -2313654.901619574
83.39113327721489 0.0030891735903273666 0.30509275078356923 226.4965996281304 0.830287947867564 -0.4126251163984525 -0.0023563282791480115 1.0245121045969545e-06 -0.05206735426039552 0.0008315419617352595 0.06275140022214237 -0.04893199279230023 -2313654.7994374027
83.39535486307634 0.003089249765366521 0.30514903681928995 226.54271692955805 0.830328049367226 -0.4124821407314473 -0.0023566605555246506 1.0233110512295804e-06 -0.052132487280964424 0.0008311380789241206 0.06277930094858343 -0.04895283222919911 -2313654.69884969
83.40251333480333 0.0030892269022539266 0.30519695901294475 226.5367785990718 0.8301016670625282 -0.41237285215299235 -0.002357406246143161 1.025108379894616e-06 -0.05222915931812595 0.0008305754196199539 0.06280553623701035 -0.0489733212729212 -2313654.5910852393
83.40549704851122 0.003089912482070323 0.3052639446943344 226.5935889447349 0.8300171198472608 -0.4124751906228047 -0.002357453487127466 1.0234098737491409e-06 -0.05234836102681742 0.0008308429649250446 0.06281464214819045 -0.049017434834001575 -2313654.493075606
